,code,name,currentratio,quickratio,cashratio,icratio,sheqratio,adratio
0,002575,群兴玩具,68.7353,68.7353,2335.9107,2188.3557,98.8701,1.1299
1,002625,光启技术,63.3917,63.1215,5959.7042,-73.34100000000001,98.3746,1.6254
2,000416,民生控股,49.9387,49.9387,2894.6378,12733.2696,98.2171,1.7829
3,300333,兆日科技,34.2565,31.2182,2003.2047,-329.00300000000004,98.1607,1.8393
4,600633,浙数文化,14.889000000000001,14.8608,661.5779,-10057.4454,97.4362,2.5638
5,300235,方直科技,32.2416,31.5109,2722.1231,312.0934,97.4113,2.5887
6,300149,量子高科,23.6944,22.6634,1991.8897,-4686.2055,96.9331,3.0669
7,300656,民德电子,31.3663,29.4668,1968.8974,29983.885,96.6968,3.3032
8,300613,富瀚微,43.6333,40.6663,3291.8516,2184.746,96.6832,3.3168
9,603696,安记食品,19.7973,18.0487,996.3215,-870.5599,96.6021,3.3979
10,002038,双鹭药业,25.5312,23.5759,1526.6311,-2368.9754,96.4382,3.5618
11,603336,宏辉果蔬,25.5049,19.1892,480.8672,1272.2098,96.2067,3.7933
12,300223,北京君正,30.8709,26.8867,323.2895,-2400.0207,96.1386,3.8614
13,000831,五矿稀土,20.5215,11.7271,438.3321,-1691.1978,96.1042,3.8958
14,000503,海虹控股,17.6518,17.6488,1275.6931,-3477.0794,96.0757,3.9243
15,300081,恒信东方,16.5323,15.6762,1376.8049,-2736.6845,96.0627,3.9373
16,300042,朗科科技,18.3607,16.754,708.9408,-848.2033,95.8457,4.1543
17,002581,未名医药,18.1527,17.3817,978.1721,-2645.2837,95.8216,4.1784
18,002348,高乐股份,11.3941,9.6448,455.4093,2197.9878,95.7964,4.2036
19,300485,赛升药业,16.9671,15.96,153.8735,-20095.292,95.6965,4.3035
20,600868,梅雁吉祥,2.1678,2.1639,112.8182,5971.1055,95.6539,4.3461
21,300377,赢时胜,12.7397,12.7154,681.9857,-405.4592,95.6095,4.3905
22,600527,江南高纤,16.4771,10.5859,747.4882,11367.1303,95.5454,4.4546
23,300494,盛天网络,19.9704,19.957,1500.9927,-1019.7752,95.516,4.484
24,603615,茶花股份,15.9213,13.547,921.3751,-2447.5456,95.3299,4.6701
25,603189,网达软件,24.1502,23.3442,1871.9692,-168.4874,95.32,4.68
26,300357,我武生物,18.9008,18.2639,480.259,-4860.9102,95.2412,4.7588
27,300561,汇金科技,24.5545,22.3435,378.8516,-13614.3768,95.1796,4.8204
28,000813,德展健康,19.0328,17.9734,1074.6472,-18700.4647,95.0795,4.9205
29,002820,桂发祥,5.3476,4.6666,346.0592,-66225.6479,94.9412,5.0588
30,300099,精准信息,9.5686,8.4487,369.1372,-209.4472,94.9308,5.0692
31,300346,南大光电,31.6632,28.9002,311.8381,5893.7917,94.9226,5.0774
32,300628,亿联网络,18.8278,17.8086,330.9479,4193.3007,94.921,5.079
33,600212,江泉实业,7.5961,7.4798,91.6516,-1837854.7632,94.6781,5.3219
34,603508,思维列控,15.7282,14.2862,357.8954,-1827.1227,94.6551,5.3449
35,300305,裕兴股份,18.5627,17.7421,876.8981,-413.1773,94.6154,5.3846
36,000096,广聚能源,12.7009,12.4913,1067.0551,-643.8256,94.5405,5.4595
37,000971,高升控股,4.6889,4.6889,205.8167,-13058.4503,94.4222,5.5778
38,300371,汇中股份,12.512,10.0159,509.5781,-985.4624,94.2867,5.7133
39,002007,华兰生物,11.7603,7.653,187.84900000000002,-6551.3124,94.1251,5.8749
40,603688,石英股份,11.6779,9.6617,312.7695,6698.9642,93.9755,6.0245
41,603819,神力股份,14.7276,11.5076,216.454,-1264.9121,93.9622,6.0378
42,300127,银河磁体,14.5237,12.8905,450.7502,3289.7622,93.9216,6.0784
43,300379,东方通,7.9946,7.5801,457.2911,-322.7247,93.9023,6.0977
44,300508,维宏股份,16.1888,14.7284,47.0496,-21908.7748,93.8439,6.1561
45,603040,新坐标,12.4938,11.3438,279.1062,-10273.8009,93.7403,6.2597
46,000623,吉林敖东,3.8017,3.2338,124.1447,-33703.306000000004,93.5372,6.4628
47,300191,潜能恒信,10.3365,10.3365,759.6005,892.9908,93.458,6.542000000000001
48,002502,骅威文化,13.2391,11.0994,768.9154,-3891.9375,93.3875,6.6125
49,300076,GQY视讯,11.7248,10.7741,721.0004,425.0292,93.3852,6.6148
50,300642,透景生命,19.3998,17.6261,1482.6797,-3868.5708,93.3409,6.6591
51,002495,佳隆股份,6.1866,5.3872,493.9636,-1451.7968,93.2463,6.7537
52,002843,泰嘉股份,10.3113,9.1563,107.4127,-7395.8784,93.2341,6.7659
53,000670,盈方微,7.2951,6.0789,86.6966,221.5134,93.2327,6.7673
54,300525,博思软件,9.6893,9.3669,686.068,-293.1236,93.1944,6.8056
55,600506,香梨股份,14.077,13.3071,578.2905,324.7874,93.1606,6.8394
56,600883,博闻科技,16.4431,16.2182,772.4178,-3029.0889,93.1183,6.8817
57,000722,湖南发展,12.5881,11.749,784.2764,3525.9731,93.1068,6.8932
58,002320,海峡股份,7.1481,7.0699,678.4386,-3782.1035,92.9513,7.0487
59,603058,永吉股份,9.5031,8.7682,374.2775,-3072.8751,92.9173,7.0827
60,600381,青海春天,41.1779,32.2037,1403.5952,-2611.4409,92.848,7.152
61,300406,九强生物,11.0403,9.9565,552.4149,-2425.9511,92.806,7.194
62,000996,中国中期,12.5256,11.1702,1033.4258,-4372.3065,92.8031,7.1969
63,300609,汇纳科技,14.5462,13.8199,594.5734,-950.8307,92.7923,7.2077
64,603238,诺邦股份,8.8494,7.7381,211.4221,-5806.8308,92.7881,7.2119
65,300148,天舟文化,5.1065,5.0102,407.6017,-2144.5572,92.7827,7.2173
66,603330,上海天洋,8.4192,6.6656,170.9682,680.5108,92.7805,7.2195
67,300595,欧普康视,12.6281,12.1957,188.3261,-11769.4242,92.7747,7.2253
68,300590,移为通信,14.1361,12.7783,580.9442,3864.5159,92.7475,7.2525
69,603398,邦宝益智,9.3646,8.1404,271.3808,-2995.8612,92.7183,7.2817
70,002141,贤丰控股,9.0728,7.8205,113.3632,622.163,92.7122,7.2878
71,300535,达威股份,10.4554,8.9344,473.2012,5638.2148,92.6533,7.3467
72,002802,洪汇新材,12.8072,12.3435,182.7724,7352.8288,92.64,7.36
73,603826,坤彩科技,9.107999999999999,6.3624,88.1991,1576.2339,92.6391,7.3609
74,603580,艾艾精工,14.9776,12.5187,1057.5423,-4741.7706,92.6089,7.3911
75,002868,绿康生化,11.1515,10.4472,141.278,3193.9479,92.60700000000001,7.393
76,300653,正海生物,19.3672,19.0614,1240.7573,-1477.1378,92.5989,7.4011
77,002224,三力士,8.6402,7.0998,567.4043,10116.4182,92.5623,7.4377
78,300534,陇神戎发,5.8381,5.309,114.7856,-1644.9977,92.5501,7.4499
79,300443,金雷风电,8.8812,7.485,304.3786,1448.9581,92.5389,7.4611
80,300623,捷捷微电,10.8414,10.1199,601.679,-11351.6654,92.4817,7.5183
81,600847,*ST万里,7.084,4.8114,42.5704,-713.5362,92.4813,7.5187
82,603896,寿仙谷,7.9162,5.7893,107.6941,2219.4074,92.464,7.5360000000000005
83,002759,天际股份,2.4835,2.04,63.5173,6666.3166,92.3459,7.6541
84,300314,戴维医疗,7.9102,6.6115,157.9638,-5212.3874,92.3299,7.6701
85,300077,国民技术,9.3072,8.594,128.6997,-1029.8154,92.274,7.726
86,300175,朗源股份,7.497000000000001,3.1066,105.1004,2185.4974,92.2677,7.7323
87,300394,天孚通信,10.6416,9.5748,649.7714,45801.0762,92.2535,7.7465
88,300446,乐凯新材,16.0822,14.8514,107.75299999999999,-6076.7647,92.2296,7.7704
89,600059,古越龙山,8.1828,2.5416,95.5432,-4008.0108,92.1969,7.8031
90,603036,如通股份,16.17,13.6645,1028.0961,-897.3796,92.0902,7.9098
91,002015,霞客环保,8.7253,3.7569999999999997,116.5288,28487.8325,92.0748,7.9252
92,300109,新开源,4.4229,3.4817,143.8488,14491.5446,92.046,7.954
93,603023,威帝股份,10.6423,9.2084,374.0037,-3179.0913,92.001,7.999
94,300726,宏达电子,11.0271,8.5022,148.1739,-9904.4506,91.9508,8.0492
95,000155,川化股份,12.3943,12.2531,761.9155,-311.5285,91.9323,8.0677
96,002669,康达新材,9.9504,9.3256,377.7597,-1498.9185,91.9059,8.0941
97,300183,东软载波,10.4234,9.5769,573.7997,-848.8833,91.8827,8.1173
98,002351,漫步者,10.0217,8.3949,89.8679,-6151.2277,91.8734,8.1266
99,300107,建新股份,6.8728,6.1598,152.1474,-4407.2354,91.86200000000001,8.138
100,300250,初灵信息,5.2537,4.413,234.9241,-142.998,91.8148,8.1852
101,002858,力盛赛车,9.1833,8.3941,480.3238,11927.7005,91.7988,8.2012
102,000975,银泰资源,2.9693,2.563,58.4291,-1531.6681,91.7778,8.2222
103,300018,中元股份,8.2717,7.5097,475.5161,-440.8469,91.7456,8.2544
104,002817,黄山胶囊,10.4222,9.0881,383.6915,-18979.1067,91.6775,8.3225
105,000688,建新矿业,5.5072,5.2089,371.389,-23591.6077,91.6483,8.3517
106,300583,赛托生物,8.2149,7.0008,79.3645,2010.6948,91.6007,8.3993
107,002364,中恒电气,8.7111,7.3914,146.8295,-460.0163,91.5929,8.4071
108,603811,诚意药业,8.6926,7.3265,639.7025,-14830.726999999999,91.5457,8.4543
109,300639,凯普生物,9.4435,8.8508,161.3275,-11071.3265,91.5021,8.4979
110,300016,北陆药业,7.5314,5.684,206.8558,-15392.985,91.493,8.507
111,002413,雷科防务,6.5907,5.6905,68.241,-1952.1136,91.3472,8.6528
112,002862,实丰文化,9.2519,8.4261,236.347,1035.5172,91.3457,8.6543
113,002379,宏创控股,7.3307,6.4772,365.5237,1561.2895,91.3428,8.6572
114,300066,三川智慧,8.3277,7.2286,339.421,-1153.8806,91.2779,8.7221
115,300559,佳发安泰,9.234,8.9135,105.1289,-390.2287,91.2617,8.7383
116,002530,金财互联,6.2929,5.6764,320.5877,-1145.1076,91.2573,8.7427
117,300516,久之洋,9.7786,7.2081,207.12099999999998,-1273.7487,91.2459,8.7541
118,603037,凯众股份,9.4989,7.8445,422.6598,-3538.0149,91.2206,8.7794
119,002113,天润数娱,2.8583,2.8583,168.6455,2598.0808,91.2107,8.7893
120,002540,亚太科技,7.2074,5.9487,121.6496,8356.9942,91.1702,8.8298
121,300672,国科微,8.1295,6.1719,312.3375,-813.0636,91.161,8.839
122,600539,狮头股份,8.7962,8.3813,802.9866,-28.6915,91.1608,8.8392
123,002322,理工环科,3.9784,3.1989,148.0735,-3244.6575,91.0811,8.9189
124,300364,中文在线,5.9449,5.912999999999999,428.5801,-139.167,91.0727,8.9273
125,002762,金发拉比,8.2417,6.6184,281.1695,-1554.382,91.0652,8.9348
126,002553,南方轴承,5.9938,5.0796,74.9241,-44603.6227,91.0629,8.9371
127,002729,好利来,4.894,4.0844,147.4637,10198.9618,91.0206,8.9794
128,603168,莎普爱思,5.2087,4.6404,151.1911,-4721.8652,90.9212,9.0788
129,603758,秦安股份,5.2522,3.6203,189.8737,3277.3289,90.8784,9.1216
130,603938,三孚股份,7.4742,6.9033,427.0736,12939.6091,90.8334,9.1666
131,002632,道明光学,6.6509,5.0547,325.9337,2322.7022,90.8216,9.1784
132,603655,朗博科技,5.5887,4.9174,80.3993,47087.532,90.8136,9.1864
133,300417,南华仪器,8.2437,6.5435,45.4019,-5880.6348,90.8102,9.1898
134,002827,高争民爆,6.1334,5.9282,531.5536,-44901.9463,90.7945,9.2055
135,000662,天夏智慧,2.9734,2.9475,41.6924,-18254.3462,90.7404,9.2596
136,300570,太辰光,8.8274,8.2001,295.2149,1793.8738,90.7103,9.2897
137,603488,展鹏科技,8.7988,8.3243,95.4827,-9742.0132,90.6988,9.3012
138,300214,日科化学,6.4297,5.3923,94.89,1151.5789,90.6976,9.3024
139,300354,东华测试,10.5333,8.1525,384.3998,-282.6946,90.6811,9.3189
140,000752,西藏发展,5.3937,5.2096,515.1208,-2822.282,90.6796,9.3204
141,603232,格尔软件,8.8052,8.3098,570.2284,-660.6964,90.6681,9.3319
142,603020,爱普股份,9.1889,7.0933,487.6411,-1107.9798,90.6681,9.3319
143,300620,光库科技,11.7847,10.7583,360.4778,1820.6143,90.6603,9.3397
144,002261,拓维信息,5.1325,4.591,187.2679,-3936.9863,90.6264,9.3736
145,603139,康惠制药,9.4212,8.6856,352.6274,14113.7374,90.6087,9.3913
146,600206,有研新材,14.603,11.0533,241.2835,2189.3371,90.5676,9.4324
147,603096,新经典,10.2025,8.9037,126.6375,-12204.83,90.566,9.434
148,002235,安妮股份,4.7969,4.6784,177.3864,-1053.8083,90.5234,9.4766
149,300054,鼎龙股份,6.3866,5.4419,267.7128,4450.4088,90.5125,9.4875
150,300192,科斯伍德,6.2158,5.2048,270.6227,-3078.2247,90.4468,9.5532
151,002776,柏堡龙,10.1884,9.7603,511.4294,50449.8468,90.4293,9.5707
152,600890,中房股份,6.4936,6.4696,92.0123,2002.3902,90.3493,9.6507
153,300521,爱司凯,9.356,8.1378,217.1077,1706.431,90.3107,9.6893
154,002198,嘉应制药,4.9145,4.0842,95.0672,1654.7534,90.3076,9.6924
155,603630,拉芳家化,9.6397,8.1182,542.6476,-768.0925,90.2988,9.7012
156,300459,金科文化,2.8312,2.6898,181.6829,-7338.5853,90.2772,9.7228
157,603067,振华股份,5.6363,3.8,33.3767,3292.8148,90.25399999999999,9.746
158,002790,瑞尔特,7.6835,6.7432,240.0152,1854.3331,90.1646,9.8354
159,002824,和胜股份,6.5007,4.7138,77.1224,2573.4547,90.1475,9.8525
160,300587,天铁股份,8.7231,8.0597,204.1383,-21608.5974,90.1339,9.8661
161,603025,大豪科技,8.386000000000001,7.55,83.3941,-39868.4677,90.12899999999999,9.871
162,600276,恒瑞医药,8.6472,8.1921,324.7445,-4630.6829,90.1142,9.8858
163,002646,青青稞酒,4.7088,2.3347,109.4433,2303.6988,90.0845,9.9155
164,603086,先达股份,9.3814,6.8584,198.5818,1916.5633,90.0836,9.9164
165,300306,远方信息,4.4189,3.6210000000000004,214.0428,-578.4746,90.0714,9.9286
166,300352,北信源,8.7968,8.5788,535.8381,-21.8724,90.0534,9.9466
167,002195,二三四五,7.5421,7.5421,396.8151,-1105.9044,90.0394,9.9606
168,600777,新潮能源,4.9192,4.9027,419.6267,613.0438,89.9557,10.0443
169,300458,全志科技,8.9645,7.1569,531.5004,155.8541,89.9396,10.0604
170,600750,江中药业,6.5304,5.9314,283.4811,-5149.7186,89.8537,10.1463
171,002577,雷柏科技,6.8303,6.2682,102.88,-156.0492,89.7806,10.2194
172,000019,深深宝A,5.5169,4.0493,201.7585,1439.5387,89.7491,10.2509
173,002546,新联电子,8.6635,8.2992,81.5787,-397.6894,89.7421,10.2579
174,300194,福安药业,3.322,2.2880000000000003,55.3684,195727.2185,89.7075,10.2925
175,002349,精华制药,3.707,2.3294,113.7419,5465.9488,89.70200000000001,10.298
176,002247,帝龙文化,3.1135,2.8912,43.1411,-112865.3639,89.6774,10.3226
177,300636,同和药业,9.0329,5.9165,81.8771,2387.8513,89.6758,10.3242
178,300268,佳沃股份,5.9764,5.8625,568.1878,7663.2954,89.6732,10.3268
179,603016,新宏泰,7.4573,6.6729,245.8027,-3186.2212,89.6569,10.3431
180,002459,天业通联,6.8661,5.5593,62.4727,1191.3056,89.6446,10.3554
181,300474,景嘉微,9.5549,8.5908,363.73800000000006,-2536.7362,89.5693,10.4307
182,600171,上海贝岭,10.6278,9.9516,811.0398,-450.6345,89.5589,10.4411
183,002188,ST巴士,2.4684,2.2921,63.9128,5758.058000000001,89.5513,10.4487
184,300308,中际旭创,5.442,4.0823,124.0974,-329.2527,89.5238,10.4762
185,002724,海洋王,7.4013,6.7651,453.26300000000003,-383.332,89.4865,10.5135
186,002177,御银股份,4.9196,3.1805,94.8621,915.247,89.4846,10.5154
187,002861,瀛通通讯,7.8107,7.0452,338.6454,1483.7844,89.4583,10.5417
188,603585,苏利股份,7.2474,6.4234,407.4891,2583.2474,89.3426,10.6574
189,300238,冠昊生物,3.8451,3.3863,217.9849,-3662.8725,89.3246,10.6754
190,002294,信立泰,5.7534,4.9377,168.8107,-5533.2292,89.22399999999999,10.776
191,603200,上海洗霸,9.0087,8.5871,612.0818,-2823.2526,89.2087,10.7913
192,300649,杭州园林,4.3024,4.3024,152.9141,1182.9414,89.1982,10.8018
193,300501,海顺新材,6.7956,5.9654,131.5143,5826.7305,89.1944,10.8056
194,300553,集智股份,6.7909,5.9107,263.8877,-1868.2037,89.1571,10.8429
195,300522,世名科技,6.7589999999999995,5.9995,253.1356,-14376.5686,89.1566,10.8434
196,300146,汤臣倍健,5.994,5.4469,453.6738,-2935.4172,89.1115,10.8885
197,300480,光力科技,10.9969,10.2146,463.5617,-1483.2972,89.0821,10.9179
198,603656,泰禾光电,8.0964,7.1564,230.4952,4136.0136,89.0747,10.9253
199,603041,美思德,7.1283,6.6963,161.8638,5766.5813,89.0396,10.9604
200,603909,合诚股份,6.9553,6.8914,141.4151,-11572.8667,89.0351,10.9649
201,603309,维力医疗,5.8412,5.0055,159.9571,1688.0584,89.0212,10.9788
202,600573,惠泉啤酒,5.3845,4.132,102.2886,-1416.9419,89.0058,10.9942
203,300519,新光药业,8.6762,8.1076,502.0297,-3643.7463,88.9743,11.0257
204,600321,正源股份,2.802,1.4769,57.7947,138.03799999999998,88.9629,11.0371
205,300429,强力新材,3.7842,2.5215,126.4312,5750.2414,88.9098,11.0902
206,300236,上海新阳,5.4125,4.7674,208.7469,-3895.107,88.8784,11.1216
207,300669,沪宁股份,7.2201,6.8799,512.2737,-6106.031999999999,88.8253,11.1747
208,300211,亿通科技,5.2676,4.9214,243.1728,-115.5125,88.8205,11.1795
209,000408,藏格控股,5.1876,4.4637,155.9296,3366.9135,88.8056,11.1944
210,002333,罗普斯金,3.3138,2.4426,85.2865,7.5123,88.7685,11.2315
211,300291,华录百纳,6.1677,5.7725,80.7698,-9547.3095,88.7282,11.2718
212,002808,苏州恒久,7.0206,6.1295,287.0555,855.2651,88.6556,11.3444
213,002222,福晶科技,5.2284,3.6884,193.22,7442.7704,88.5768,11.4232
214,300166,东方国信,5.2258,4.8215,150.3258,4668.7778,88.5751,11.4249
215,002691,冀凯股份,8.63,4.3691,26.7627,115860.677,88.5729,11.4271
216,300701,森霸股份,6.4342,5.4523,88.7194,-11532.6606,88.5629,11.4371
217,002860,星帅尔,7.0042,6.4621,371.6346,-18662.5946,88.5482,11.4518
218,300086,康芝药业,7.1051,6.5479,37.3729,4062.9404,88.5283,11.4717
219,000007,全新好,3.8704,3.8681,172.3148,-41162.3147,88.4915,11.5085
220,002370,亚太药业,4.5929,4.2727,300.1562,-3584.4747,88.4663,11.5337
221,002749,国光股份,7.4704,6.2313,484.5906,-4525.6564,88.4165,11.5835
222,002621,三垒股份,5.7372,5.0319,324.4275,-3069.1485,88.3758,11.6242
223,300548,博创科技,7.1116,5.6817,110.5893,11673.4193,88.3574,11.6426
224,600615,丰华股份,9.9129,9.7829,508.8125,-193851.0878,88.3391,11.6609
225,600880,博瑞传播,2.7152,2.6241,167.2834,759.8686,88.3357,11.6643
226,002380,科远股份,7.2213,6.6345,224.7799,-622.9802,88.3249,11.6751
227,002833,弘亚数控,7.3135,6.6867,21.9175,-9690.1768,88.2792,11.7208
228,300401,花园生物,3.8803,2.2549,49.1333,2797.5617,88.1888,11.8112
229,600652,游久游戏,1.1692,1.1692,44.1091,1115.5328,88.1207,11.8793
230,002629,仁智股份,6.1379,5.7535,36.27,-996.5165,88.1007,11.8993
231,300144,宋城演艺,2.4743,2.4663,136.9868,8944.1754,88.0837,11.9163
232,300304,云意电气,6.565,5.8647,71.0034,-1034.7091,88.0801,11.9199
233,300615,欣天科技,6.3795,5.861000000000001,403.8327,3138.763,88.0749,11.9251
234,300488,恒锋工具,3.9166,3.1803,53.7931,24069.0579,88.0623,11.9377
235,600161,天坛生物,13.5089,9.1501,880.7238,3200.0202,88.0218,11.9782
236,300533,冰川网络,8.1656,8.1656,418.529,-273.5297,88.0167,11.9833
237,603578,三星新材,6.7838,6.2062,164.6483,79622.2052,88.0013,11.9987
238,002866,传艺科技,6.968,6.2875,430.9923,1097.2853,87.9901,12.0099
239,002619,艾格拉斯,3.3096,3.3096,108.6153,1071.644,87.9682,12.0318
240,002252,上海莱士,8.7118,7.4467,189.6856,5330.3218,87.9638,12.0362
241,002643,万润股份,4.0992,2.7962,130.6966,4079.5095,87.9597,12.0403
242,300606,金太阳,5.995,5.0623,135.4406,-9546.9666,87.9595,12.0405
243,300132,青松股份,4.6567,2.633,90.6746,1908.9214,87.9563,12.0437
244,002346,柘中股份,3.807,3.2452,68.3741,66615.8746,87.9557,12.0443
245,002338,奥普光电,9.2876,5.8356,154.9145,-12643.3955,87.9273,12.0727
246,300586,美联新材,6.5721,4.5815,178.5515,7563.2386,87.9121,12.0879
247,603393,新天然气,7.3887,7.2045,643.2101,-7395.041,87.9049,12.0951
248,000893,东凌国际,1.5556,1.4583,20.0415,910.2537,87.8996,12.1004
249,002609,捷顺科技,8.737,8.1348,688.3734,-186.1887,87.8219,12.1781
250,600149,*ST坊展,2.4397,2.4397,180.342,4202.7583,87.8051,12.1949
251,000655,金岭矿业,2.8091,2.5185,46.8128,2513.9233,87.7862,12.2138
252,300341,麦迪电气,5.6818,4.3387,276.2935,-3267.0843,87.7574,12.2426
253,300685,艾德生物,6.1465,5.9255,253.1157,3802.9635,87.7533,12.2467
254,300445,康斯特,6.0031,5.4181,447.4044,34006.3216,87.7469,12.2531
255,300351,永贵电器,4.0194,3.2356,124.5806,7562.2185,87.7068,12.2932
256,002838,道恩股份,8.4472,6.7862,100.0662,4651.8224,87.6698,12.3302
257,300453,三鑫医疗,3.7485,2.8262,40.4449,22495.763,87.6406,12.3594
258,002058,威尔泰,7.6003,5.6063,285.8126,2931.5625,87.6128,12.3872
259,300481,濮阳惠成,4.9474,4.226,212.0135,1361.6089,87.5619,12.4381
260,300039,上海凯宝,7.0337,6.6212,248.4397,-2170.4236,87.5104,12.4896
261,603199,九华旅游,2.5926,2.5439,45.6473,60391.4755,87.4685,12.5315
262,002725,跃岭股份,3.8037,2.6864,89.1475,521.3534,87.4505,12.5495
263,000603,盛达矿业,2.5326,2.3805,168.9669,-2353.5862,87.4272,12.5728
264,603729,龙韵股份,6.6827,6.6827,207.0337,-140.1711,87.4213,12.5787
265,600543,莫高股份,4.1971,3.3681,69.2759,3957.4869,87.4099,12.5901
266,300584,海辰药业,4.5599,3.6898,268.1854,12862.5712,87.3939,12.6061
267,300079,数码科技,5.1315,4.2476,244.3641,-229.9383,87.3835,12.6165
268,603239,浙江仙通,5.6224,4.9346,75.6014,-51371.3613,87.3494,12.6506
269,300507,苏奥传感,6.5371,5.8237,111.4387,-1723.5679,87.3334,12.6666
270,002095,生意宝,6.9575,6.9456,508.2237,-414.5566,87.3037,12.6963
271,002485,希努尔,3.1829,1.7927,28.3716,-648.4751,87.2963,12.7037
272,002658,雪迪龙,7.307,5.7322,196.7278,-2859.805,87.2912,12.7088
273,000818,方大化工,2.1517,1.6021,42.0102,-3914.809,87.2787,12.7213
274,600722,金牛化工,6.0666,6.0282,341.2809,-1819.3,87.2538,12.7462
275,600345,长江通信,2.7039999999999997,2.5553,54.1537,8506.6396,87.2449,12.7551
276,603258,电魂网络,6.2675,6.2675,252.5847,-493.43,87.2241,12.7759
277,603879,永悦科技,6.5893,5.8911,350.9297,4711.4259,87.2193,12.7807
278,603133,碳元科技,5.2759,4.5884,107.8635,3185.1940000000004,87.2048,12.7952
279,300193,佳士科技,6.847,6.3577,240.8595,-418.9355,87.2018,12.7982
280,603203,快克股份,6.8864,6.2215,138.8525,-23628.1294,87.1992,12.8008
281,000635,英力特,3.1974,2.6157,126.4124,-6631.0157,87.1973,12.8027
282,002484,江海股份,6.1975,5.5509,116.8944,3358.5075,87.1727,12.8273
283,002859,洁美科技,4.6038,3.9998,126.4622,964.2768,87.1721,12.8279
284,002690,美亚光电,8.6456,7.9643,295.9118,-13771.7984,87.1676,12.8324
285,603383,顶点软件,7.3444,6.9569,327.3137,-839.1618,87.1305,12.8695
286,002795,永和智控,6.6741,5.1473,119.1801,1700.4676,87.1167,12.8833
287,300302,同有科技,7.5541,6.6069,184.6575,-370.57,87.1073,12.8927
288,002447,晨鑫科技,3.207,1.1327,35.0461,40562.2244,87.1033,12.8967
289,000609,绵石投资,6.7332,5.285,86.1704,10012.2259,87.0776,12.9224
290,002253,川大智胜,4.8193,3.8658,200.4628,-710.8201,87.072,12.927999999999999
291,002148,北纬科技,4.3457,4.3162,108.3281,-13325.7718,87.069,12.931
292,300267,尔康制药,4.1221,2.5606,138.0288,15665.1402,87.0212,12.9788
293,600370,三房巷,6.1916,5.3616,454.0652,-984.3989,87.0212,12.9788
294,603663,三祥新材,6.2499,5.0122,132.8213,-4982.0613,87.0154,12.9846
295,002576,通达动力,5.5046,3.7823,74.6122,-949.7118,86.9533,13.0467
296,300179,四方达,6.595,5.5628,152.3547,-42852.1166,86.9311,13.0689
297,300143,星普医科,1.5596,1.4980000000000002,76.5142,-6746.5224,86.9255,13.0745
298,300103,达刚路机,6.7596,6.1325,113.9161,-541.5201,86.9228,13.0772
299,002137,麦达数字,4.0096,3.7778,40.0578,-832.9646,86.9169,13.0831
300,603839,安正时尚,7.4285,5.9378,112.7734,-5634.6274,86.9041,13.0959
301,300065,海兰信,7.4416,6.6449,233.0517,3169.9814,86.9005,13.0995
302,603806,福斯特,6.297000000000001,5.3882,32.4461,6254.0394,86.8954,13.1046
303,002393,力生制药,3.5589,2.9238,195.0239,-4190.444,86.883,13.117
304,002884,凌霄泵业,7.0206,4.2347,53.1836,5381.5125,86.8336,13.1664
305,002846,英联股份,4.9771,4.1627,114.9007,2512.1836,86.8153,13.1847
306,600563,法拉电子,5.685,4.9602,122.3099,43936.7087,86.792,13.208
307,603032,德新交运,9.3449,9.3036,224.1957,-626.3793,86.7587,13.2413
308,300630,普利制药,7.8882,7.6065,593.6571,-3727.079,86.7556,13.2444
309,002578,闽发铝业,4.6123,2.7817,185.1099,-1296.3687,86.7239,13.2761
310,601333,广深铁路,1.3251,1.2449,36.534,-15163.8531,86.646,13.354000000000001
311,000819,岳阳兴长,5.5173,5.1053,478.3274,411.0961,86.639,13.360999999999999
312,300604,长川科技,7.0209,6.1611,367.4595,-1041.2174,86.635,13.365
313,603999,读者传媒,6.3565,5.8878,325.7588,-460.3625,86.5839,13.4161
314,002558,巨人网络,7.5583,7.5583,712.8323,-1234.3739,86.5551,13.4449
315,000544,中原环保,4.999,4.9707,369.19300000000004,1813.1762,86.521,13.479000000000001
316,300414,中光防雷,7.3703,6.8372,288.1613,-841.9278,86.4981,13.5019
317,300530,达志科技,7.2865,6.9918,139.7096,-49501.6582,86.4824,13.5176
318,002700,新疆浩源,3.9316,3.7857,289.1823,-490.3526,86.4718,13.5282
319,300515,三德科技,9.3313,8.2878,78.824,-205921.6776,86.4452,13.5548
320,600311,荣华实业,1.1281,0.5787,36.3163,-5527.4016,86.4134,13.5866
321,002362,汉王科技,5.1512,4.238,100.5704,-4199.4756,86.4134,13.5866
322,601965,中国汽研,5.7235,5.2262,295.6938,-864.7272,86.3917,13.6083
323,603707,健友股份,6.1778,1.4779,26.7433,7138.7188,86.3905,13.6095
324,603306,华懋科技,5.1281,4.64,283.7136,-29448.738999999998,86.3621,13.6379
325,002667,鞍重股份,6.4799,5.2734,139.3951,-650.3596,86.3362,13.6638
326,300542,新晨科技,6.0993,5.8589,179.5352,-1497.5542,86.3326,13.6674
327,601616,广电电气,4.8685,4.3861,108.9372,-331.3715,86.3253,13.6747
328,300151,昌红科技,5.5868,4.5754,208.7316,788.47,86.3035,13.6965
329,002901,大博医疗,6.6325,4.2916,127.4987,8851.0799,86.2885,13.7115
330,603421,鼎信通讯,4.9818,4.1005,186.0124,-3676.0868,86.2878,13.7122
331,002680,长生生物,6.3581,5.8663,45.8325,-13545.1767,86.2745,13.7255
332,300026,红日药业,3.8687,3.3268,134.0692,8578.5435,86.2464,13.7536
333,002756,永兴特钢,5.3532,4.5956,133.3949,-15400.5358,86.2439,13.7561
334,300259,新天科技,5.0673,4.5629,160.0605,-567.0682,86.2437,13.7563
335,300061,康旗股份,3.397,2.6213,123.9694,2390.3517,86.2394,13.7606
336,603566,普莱柯,5.1372,4.7773,88.6593,-2623.302,86.2198,13.7802
337,300554,三超新材,6.5722,5.7906,279.5536,5750.1456,86.2052,13.7948
338,300050,世纪鼎利,4.141,3.9417,146.7873,-1510.5929999999998,86.1522,13.8478
339,300329,海伦钢琴,5.1913,3.7926,100.7819,-1162.8393,86.0651,13.9349
340,000038,深大通,4.7447,4.2865,184.9482,-984.2406,86.0634,13.9366
341,300622,博士眼镜,6.5827,5.3971,319.3921,-15527.7849,85.9762,14.0238
342,600865,百大集团,2.3372,2.3258,134.0765,7942.5249,85.9526,14.0474
343,002748,世龙实业,3.6084,3.1608,75.9572,11440.7876,85.8797,14.1203
344,300137,先河环保,4.8521,3.5536,52.6404,-2564.43,85.8552,14.1448
345,002798,帝王洁具,5.4472,4.1611,191.9674,-1968.2085,85.8272,14.1728
346,000606,神州易桥,6.0897,5.5327,370.17199999999997,1227.2622,85.7889,14.2111
347,300718,长盛轴承,3.7295,3.1239999999999997,29.7028,-3655.9257,85.7673,14.2327
348,002603,以岭药业,4.4124,3.3015,88.8459,-21947.2531,85.7636,14.2364
349,002389,南洋科技,2.6449,2.2426,20.5423,994.4169999999999,85.7611,14.2389
350,603980,吉华集团,5.1672,4.2802,312.1078,4856.4827,85.759,14.241
351,300234,开尔新材,4.7853,3.5287,54.0412,-368.0029,85.7561,14.2439
352,300578,会畅通讯,7.1445,7.1348,265.0614,-1285.1528,85.7549,14.2451
353,603676,卫信康,3.9931,3.4358,59.8332,-2367.0064,85.7537,14.2463
354,002212,南洋股份,5.2388,3.9199,68.3745,37.5862,85.7255,14.2745
355,600616,金枫酒业,5.0923,2.1954,105.3769,-20570.1222,85.7241,14.2759
356,600191,华资实业,1.2844,1.1903,30.3035,440.1788,85.6901,14.3099
357,600201,生物股份,6.3694,5.9337,348.6304,-3906.6689,85.6889,14.3111
358,002365,永安药业,4.112,3.7922,78.3579,2221.8784,85.6651,14.3349
359,603000,人民网,5.0779,5.0468,77.9211,2232.2627,85.6133,14.3867
360,300150,世纪瑞尔,4.6222,3.8943,203.5717,1031.4574,85.5649,14.4351
361,002809,红墙股份,6.1518,5.8837,137.5307,-528.7123,85.5476,14.4524
362,600867,通化东宝,3.8609,2.189,67.1626,5288.3352,85.5458,14.4542
363,300468,四方精创,4.9817,4.8994,377.55800000000005,-1366.6691,85.484,14.515999999999998
364,300403,地尔汉宇,5.0928,4.5292,317.3716,-4955.7612,85.4833,14.5167
365,002515,金字火腿,3.2607,2.2568,76.6804,-8673.0075,85.4757,14.5243
366,600576,祥源文化,4.1567,4.1562,91.1567,-665.4218,85.4705,14.5295
367,603516,淳中科技,4.9112,3.9953,161.082,23061.7724,85.4678,14.5322
368,603416,信捷电气,6.2744,5.3746,74.1806,-7927.7087,85.3537,14.6463
369,300641,正丹股份,5.6961,5.0045,154.6208,1766.4196,85.3421,14.6579
370,002595,豪迈科技,3.4994,2.5592,42.556999999999995,2476.5677,85.3384,14.6616
371,002750,龙津药业,5.337999999999999,4.9854,120.9133,-4603.7968,85.3378,14.6622
372,603496,恒为科技,6.3316,5.1646,386.1688,-14132.6278,85.3066,14.6934
373,300610,晨化股份,6.3199,5.5599,219.7214,-23002.4177,85.2861,14.7139
374,603638,艾迪精密,4.0777,2.8204,165.1231,3656.6024,85.2408,14.7592
375,002767,先锋电子,6.3841,5.9782,68.7046,-402.3112,85.2064,14.7936
376,002273,水晶光电,3.0938,2.6781,124.9248,4436.8446,85.1104,14.8896
377,002308,威创股份,2.5124,1.9683,26.6968,-26971.3213,85.0814,14.9186
378,000848,承德露露,5.571000000000001,5.0899,493.783,-5713.7376,85.0618,14.9382
379,600732,ST新梅,2.1791,1.2407,109.3841,-19805.0968,85.0573,14.9427
380,603969,银龙股份,5.4646,4.4818,35.4071,3389.8057,85.056,14.944
381,300659,中孚信息,8.046,7.7408,587.2667,-3827.3759999999997,85.04,14.96
382,603033,三维股份,5.3181,4.2221,161.7346,1281.8808,85.0262,14.9738
383,002041,登海种业,6.2018,5.2356,94.4058,-7757.1055,85.0241,14.9759
384,000915,山大华特,3.2681,2.9483,118.0808,14657.2857,85.024,14.975999999999999
385,000089,深圳机场,1.8656,1.8628,154.4141,-1556.4926,84.9963,15.0037
386,002778,高科石化,4.9827,3.7261,97.8159,1282.107,84.9961,15.0039
387,000889,茂业通信,2.5598,2.5528,64.8277,-23209.2655,84.9945,15.0055
388,300298,三诺生物,3.0172,2.6993,73.4441,9714.625,84.9935,15.0065
389,300041,回天新材,4.377,3.6008,156.8643,-120266.7426,84.9745,15.0255
390,000802,北京文化,6.2951,5.68,235.2741,-2377.0424,84.9674,15.0326
391,002832,比音勒芬,6.0385,5.0737,375.5265,-2472.4904,84.948,15.052
392,600568,中珠医疗,5.4375,4.0724,149.3024,-9058.6358,84.9194,15.0806
393,603859,能科股份,6.0737,5.6771,126.7337,-7423.5229,84.9129,15.0871
394,002826,易明医药,4.4249,4.0031,162.2891,9763.2238,84.8593,15.1407
395,002871,伟隆股份,5.3609,4.7089,204.3227,3355.69,84.85799999999999,15.142000000000001
396,300560,中富通,5.5642,5.5581,94.7536,14332.6463,84.852,15.148
397,300419,浩丰科技,3.0988,1.8821,63.7862,-5073.3993,84.8476,15.1524
398,300386,飞天诚信,10.2527,7.1462,202.829,-3613.6664,84.8331,15.1669
399,300206,理邦仪器,4.5955,3.7233,261.9862,602.573,84.8026,15.1974
400,603160,汇顶科技,6.1835,4.8934,234.4687,-119094.6988,84.7948,15.2052
401,300643,万通智控,5.0226,4.3626,213.1268,2067.7502,84.7938,15.2062
402,000970,中科三环,5.0137,3.4577,168.4608,1298.872,84.7924,15.2076
403,000045,深纺织A,6.5987,5.912999999999999,236.7318,-68.4705,84.7917,15.2083
404,002763,汇洁股份,5.2393,3.1693,235.7109,-8978.8476,84.7858,15.2142
405,002888,惠威科技,3.8346,2.0802,148.0099,-4592.0947,84.7664,15.2336
406,600838,上海九百,1.7084,1.5627,137.0984,-6972.2206,84.7633,15.2367
407,600037,歌华有线,7.2484,7.0521,587.6108,-545.2209,84.7113,15.2887
408,600055,万东医疗,4.9701,4.4099,268.6904,-1142.8006,84.7015,15.2985
409,002801,微光股份,6.2868,5.9552,113.2255,4804.8139,84.6855,15.3145
410,603519,立霸股份,5.5703,4.5736,101.2489,1948.0692,84.6745,15.3255
411,002622,融钰集团,2.613,2.2197,129.2962,-12733.7803,84.6571,15.3429
412,300343,联创互联,2.5278,2.4414,65.1257,-1691.2676,84.6255,15.3745
413,600721,百花村,1.8015,1.2062,74.5732,2834.7658,84.5917,15.4083
414,300455,康拓红外,6.8422,5.4558,265.9304,-5138.5656,84.5838,15.4162
415,300611,美力科技,4.2331,3.5239,136.5402,23790.3221,84.5619,15.4381
416,002561,徐家汇,4.5471,4.4756,184.0045,-5354.9043,84.5066,15.4934
417,603669,灵康药业,4.5566,3.9962,91.9548,-4169.8119,84.50200000000001,15.498
418,000886,海南高速,4.7544,3.4358,89.8769,-1582.4975,84.4628,15.5372
419,000650,仁和药业,3.4857,2.826,174.8408,-3765.1418,84.4439,15.5561
420,300004,南风股份,3.9232,2.4223,23.185,1491.354,84.4383,15.5617
421,603928,兴业股份,5.4145,5.1355,116.3865,-6225.5406,84.40700000000001,15.593
422,300661,圣邦股份,8.6054,7.7868,325.6598,1508.8329999999999,84.3832,15.6168
423,603266,天龙股份,4.6398,3.7137,74.3938,4095.3339,84.3653,15.6347
424,603077,和邦生物,2.9537,1.9821,81.7607,2645.4724,84.3572,15.6428
425,603937,丽岛新材,5.2127,3.8593,91.5263,7517.9903,84.2996,15.7004
426,300635,达安股份,5.9303,5.9303,189.8735,6726.9663,84.2917,15.7083
427,300731,科创新源,6.8706,6.0786,82.7135,9237.8437,84.2757,15.7243
428,002317,众生药业,3.2859,2.9147,47.538999999999994,262039.5707,84.2286,15.7714
429,603005,晶方科技,3.6729,3.3960000000000004,276.1953,-25967.4734,84.2266,15.7734
430,603958,哈森股份,5.3333,2.6593,52.8918,-9319.498,84.1177,15.8823
431,300399,京天利,13.985,13.8398,306.6165,140.4374,84.1135,15.8865
432,600771,广誉远,5.073,4.6466,96.5304,16491.8648,84.0717,15.9283
433,002022,科华生物,5.3305,4.1931,233.676,-4152.9091,84.0526,15.9474
434,002585,双星新材,8.2516,6.4777,157.7104,-6942.4115,84.0476,15.9524
435,600207,安彩高科,3.3829,2.949,65.039,-49.762,84.03200000000001,15.968
436,002153,石基信息,5.0278,4.4968,198.1155,-994.9395,84.0182,15.9818
437,002303,美盈森,4.2326,3.6633,255.5389,-1933.5814,83.9944,16.0056
438,002805,丰元股份,2.8832,1.851,36.1234,8102.2165,83.979,16.021
439,603389,亚振家居,5.4742,3.9523,343.1063,-2293.2573,83.9706,16.0294
440,600252,中恒集团,3.9522,3.1892,187.2193,-1397.7903,83.9493,16.0507
441,603608,天创时尚,4.2663,2.9758,73.2228,-8356.8038,83.9468,16.0532
442,002529,海源机械,4.7914,2.8644,127.4593,1229.8819,83.8922,16.1078
443,300035,中科电气,3.1409,2.458,26.4408,1734.2493,83.8525,16.1475
444,300612,宣亚国际,5.6708,5.5677,345.7078,-9789.4554,83.7873,16.2127
445,002425,凯撒文化,1.5748,1.2393,25.5106,1432.3417,83.7828,16.2172
446,603798,康普顿,4.0494,3.3478,259.757,-7463.47,83.7716,16.2284
447,603387,基蛋生物,3.8693,3.0685,58.0441,108232.37599999999,83.7541,16.2459
448,300321,同大股份,3.4389999999999996,2.6029,136.8953,604.4421,83.709,16.291
449,300295,三六五网,6.1299,6.1299,75.2667,-3275.573,83.7002,16.2998
450,300679,电连技术,4.3904,3.7843,138.9179,4675.1223,83.6806,16.3194
451,300725,药石科技,4.6383,2.6318,142.5091,2376.6126,83.646,16.354
452,000976,华铁股份,2.2725,1.7511,62.6767,2499.3622,83.6069,16.3931
453,300245,天玑科技,3.4227,3.1758,145.3831,-3287.3796,83.601,16.399
454,603188,亚邦股份,3.0012,2.2509,51.5402,5736.1015,83.5186,16.4814
455,300483,沃施股份,4.6091,3.8789999999999996,216.9759,449.2678,83.5076,16.4924
456,603099,长白山,1.1540000000000001,1.0772,85.3482,2208.0547,83.4646,16.5354
457,002144,宏达高科,1.9677,1.7855,31.8455,3021.1248,83.4585,16.5415
458,603838,四通股份,19.0743,15.2417,884.832,1455.8020000000001,83.4573,16.5427
459,300600,瑞特股份,4.2266,3.3378,180.8595,-5529.2995,83.4384,16.5616
460,002223,鱼跃医疗,4.6892,4.1688,199.8475,-32451.2568,83.4117,16.5883
461,300518,盛讯达,3.4944,3.4525,287.9237,-760.6762,83.4007,16.5993
462,603997,继峰股份,4.0527,3.1115,101.3727,87409.2526,83.3943,16.6057
463,603022,新通联,3.7687,2.8782,54.3863,6378.7293,83.3864,16.6136
464,300315,掌趣科技,3.1434,3.1434,180.2083,1147.7567,83.3722,16.6278
465,603665,康隆达,4.218,3.0436,94.9306,966.8735,83.3607,16.6393
466,002835,同为股份,6.0376,5.0854,381.8337,630.4616,83.3562,16.6438
467,603456,九洲药业,2.6669,1.5434,78.509,991.7675,83.3125,16.6875
468,600400,红豆股份,3.2863,3.0694,171.3679,2950.4484,83.3004,16.6996
469,002275,桂林三金,4.1715,3.7234,166.5661,-7511.9765,83.2647,16.7353
470,002592,八菱科技,2.354,2.0997,80.3089,-925.9321,83.2394,16.7606
471,300667,必创科技,5.1682,4.421,277.0593,1221.1554,83.2221,16.7779
472,603333,明星电缆,4.0624,3.62,39.6555,322.418,83.2177,16.7823
473,000022,深赤湾A,1.2018,1.1778,79.5364,3834.5059,83.1791,16.8209
474,603027,千禾味业,3.3098,1.9495,48.7508,-189697.1131,83.1759,16.8241
475,603866,桃李面包,2.2622,2.0617,113.5086,-23722.6323,83.1663,16.8337
476,002635,安洁科技,4.2038,3.6203,206.5059,1269.3997,83.1435,16.8565
477,300162,雷曼股份,3.1472,2.6232,47.0284,518.3564,83.0812,16.9188
478,300017,网宿科技,4.9271,4.7416,276.714,-996.2904,83.06299999999999,16.937
479,002213,特尔佳,3.6572,3.1133,179.3757,-199.2281,83.0378,16.9622
480,300424,航新科技,3.6609,2.2315,24.4669,6302.0055,83.02600000000001,16.974
481,002243,通产丽星,2.875,2.2224,37.3463,779.6399,83.0054,16.9946
482,600993,马应龙,5.1042,4.5749,162.5884,-12392.4355,83.0053,16.9947
483,300408,三环集团,9.7211,8.751,120.4384,4422.8273,82.9893,17.0107
484,002857,三晖电气,5.3889,4.7632,175.7586,85.5245,82.9853,17.0147
485,300139,晓程科技,14.1898,11.9701,624.2474,322.9799,82.9637,17.0363
486,300122,智飞生物,3.3367,2.9130000000000003,170.364,-3034.5417,82.9402,17.0598
487,603328,依顿电子,4.9636,4.6977,332.7887,991.7547,82.9345,17.0655
488,300349,金卡智能,3.5401,3.0194,45.7294,-29685.2122,82.9125,17.0875
489,300705,九典制药,3.1922,1.9732,65.1156,12346.2017,82.8996,17.1004
490,002674,兴业科技,4.4167,2.4062,155.8658,-747.3580000000001,82.8579,17.1421
491,002746,仙坛股份,3.4227,2.8264,126.4396,-1720.7531,82.8318,17.1682
492,600987,航民股份,3.7888,3.5041,123.8103,-16179.7424,82.8235,17.1765
493,300375,鹏翎股份,5.0574,3.7243,132.6226,-3006.2021,82.7287,17.2713
494,002082,万邦德,4.3594,3.2527,90.8933,-2936.7571,82.7081,17.2919
495,002063,远光软件,5.497999999999999,5.3635,146.4181,-1254.7668,82.7076,17.2924
496,002645,华宏科技,2.8074,2.1297,88.8205,11016.3122,82.6943,17.3057
497,300487,蓝晓科技,4.3199,3.7771,142.9905,2620.4410000000003,82.6638,17.3362
498,600257,大湖股份,3.6669,1.6531,68.7732,1187.8836,82.6274,17.3726
499,300101,振芯科技,5.6516,3.9861,74.6998,5444.67,82.6243,17.3757
500,603637,镇海股份,5.4575,4.6493,144.0277,-1475.2571,82.6209,17.3791
501,603987,康德莱,2.8519,2.0972,116.8553,2553.6369,82.5572,17.4428
502,300617,安靠智电,5.0594,4.394,75.6469,-10785.3653,82.5459,17.4541
503,002719,麦趣尔,3.1002,2.9065,94.7735,1933.2655,82.5202,17.4798
504,300005,探路者,3.9741,3.4493,159.6091,-977.602,82.5027,17.4973
505,300189,神农基因,4.5024,3.9009,32.9371,343.3801,82.4924,17.5076
506,002254,泰和新材,4.0309,3.2984,134.0226,10842.2526,82.4916,17.5084
507,300531,优博讯,4.9568,3.5197,149.5891,-6864.6832,82.4753,17.5247
508,600062,华润双鹤,3.2252,2.5704,85.6342,-21130.0674,82.4662,17.5338
509,300550,和仁科技,4.0508,4.0482,101.5925,-26784.1744,82.4507,17.5493
510,000799,酒鬼酒,4.0392,2.1206,39.9077,24964.0094,82.4103,17.5897
511,300529,健帆生物,4.8869,4.7019,432.2252,-3247.2016,82.4041,17.5959
512,002883,中设股份,5.1429,5.1429,275.5721,3795.4592,82.3863,17.6137
513,603090,宏盛股份,3.5465,3.016,73.385,2865.8534,82.3852,17.6148
514,603011,合锻智能,3.2744,2.1351,11.7048,3106.0528,82.3839,17.6161
515,603721,中广天择,4.1167,3.8341,92.5004,-26491.6006,82.3711,17.6289
516,300696,爱乐达,6.3539,4.8753,123.4838,9429.5378,82.3528,17.6472
517,002695,煌上煌,4.3162,3.2699,220.3641,-7230.5669,82.2466,17.7534
518,300120,经纬电材,3.4314,2.9357,78.6471,1221.5496,82.2119,17.7881
519,002819,东方中科,5.0821,4.3793,145.5196,-1492.0004,82.1948,17.8052
520,002473,*ST圣莱,3.0583,2.5735,164.1471,-1232.4832,82.1867,17.8133
521,300558,贝达药业,1.6877,1.4673,89.639,-6697.0953,82.15899999999999,17.840999999999998
522,601566,九牧王,3.8196,2.9128,96.3775,6207.3954,82.1572,17.8428
523,300573,兴齐眼药,2.1996,1.632,23.6237,2202.3741,82.1506,17.8494
524,002106,莱宝高科,4.6658,4.0221,248.8755,459.37199999999996,82.1438,17.8562
525,300289,利德曼,3.5288,3.1966,102.0034,1738.9459,82.1186,17.8814
526,002812,创新股份,3.801,3.2498,117.5184,-3608.8603,82.0853,17.9147
527,300053,欧比特,2.6178,1.9947,38.1573,4466.3867,82.0739,17.9261
528,002406,远东传动,3.5734,3.0233,134.6718,-10807.1603,82.0493,17.9507
529,300576,容大感光,4.7455,4.1516,67.7217,-4202.538,82.046,17.954
530,002666,德联集团,3.8181,2.7689,71.4873,907.1695,82.0405,17.9595
531,300382,斯莱克,4.3426,3.0035,78.9127,2330.7616,82.0105,17.9895
532,603900,莱绅通灵,5.226,2.2288,66.5429,-311927.1052,82.009,17.991
533,600714,金瑞矿业,2.67,2.3644,213.9413,1266.5632,82.0008,17.9992
534,300720,海川智能,4.0949,2.6818,167.0914,1609.5036,81.9687,18.0313
535,300676,华大基因,4.3577,4.184,81.0454,3946.4134,81.9665,18.0335
536,603078,江化微,6.62,6.4759,216.6258,6635.2559,81.9635,18.0365
537,600209,罗顿发展,1.5175,1.0403,29.0326,48002.7817,81.96,18.04
538,002879,长缆科技,5.8484,5.3158,361.0596,-6593.6391,81.9597,18.0403
539,603926,铁流股份,4.7159,3.761,76.1397,16242.0979,81.9082,18.0918
540,300239,东宝生物,2.1433,1.2794,18.3416,9243.8435,81.8853,18.1147
541,000541,佛山照明,3.5743,2.6921,98.0798,-3757.3082,81.8635,18.1365
542,002467,二六三,2.4115,2.4023,179.6604,-410.9772,81.8434,18.1566
543,000568,泸州老窖,3.8902,2.9360000000000004,176.9644,-5345.2927,81.8109,18.1891
544,300247,乐金健康,2.6523,2.1163,89.3418,841.0684,81.808,18.192
545,300342,天银机电,3.5222,3.0335,122.4139,5698.6002,81.8056,18.1944
546,000637,茂化实华,4.118,3.0373,111.6227,20811.343999999997,81.7945,18.2055
547,002435,长江润发,2.7126,2.3389,94.1063,3304.583,81.7896,18.2104
548,603727,博迈科,4.5504,4.314,243.0022,-107.7365,81.7704,18.2296
549,603919,金徽酒,1.9786,1.0085,84.3843,-24656.8554,81.7695,18.2305
550,002226,江南化工,2.553,2.3803,47.0581,1726.2847,81.7398,18.2602
551,600857,宁波中百,3.0366,2.6178,38.0611,2859.9379,81.7145,18.2855
552,000554,泰山石油,0.9218,0.4192,27.1674,174.2911,81.7014,18.2986
553,300204,舒泰神,4.6724,4.5888,99.5896,-9275.747,81.6963,18.3037
554,002181,粤传媒,3.2430000000000003,3.1293,46.9949,8285.511,81.6842,18.3158
555,600160,巨化股份,2.9162,2.4912,83.4323,2833.5782,81.6732,18.3268
556,300105,龙源技术,3.3766,2.7629,101.3674,104.0643,81.65,18.35
557,600299,安迪苏,5.2561,4.5221,348.4937,11481.8411,81.6499,18.3501
558,002468,申通快递,4.0621,4.0453,273.0469,-3457.1742,81.6483,18.3517
559,002779,中坚科技,3.6756,2.7103,71.5406,1673.9928,81.5533,18.4467
560,600114,东睦股份,2.6452,2.1519999999999997,96.0934,-13904.4515,81.5476,18.4524
561,600197,伊力特,4.4832,2.9059,246.0222,-5871.9131,81.5121,18.4879
562,002563,森马服饰,4.4361,3.0211,122.1454,-1408.1286,81.4923,18.5077
563,002104,恒宝股份,4.1659,3.5374,35.8675,9483.6814,81.4502,18.5498
564,000888,峨眉山A,3.1307,2.8725,239.5476,2134.2853,81.4403,18.5597
565,603320,迪贝电气,4.1154,3.1519,125.1096,2681.4898,81.4399,18.5601
566,603517,绝味食品,3.1694,2.6369,237.981,22717.5998,81.4177,18.5823
567,002026,山东威达,3.4917,2.4331,112.8139,1442.2206,81.4149,18.5851
568,300229,拓尔思,2.6557,2.4378,86.4891,495.6961,81.3894,18.6106
569,002550,千红制药,3.4678,3.0074,99.2805,-302.4727,81.3794,18.6206
570,300126,锐奇股份,3.8404,3.0947,89.5433,108.5726,81.3786,18.6214
571,300390,天华超净,2.3257,1.7613,52.0382,540.3343,81.3647,18.6353
572,603678,火炬电子,4.0993,3.5154,55.0927,2416.2841,81.3617,18.6383
573,300347,泰格医药,2.5945,2.5943,117.5998,4635.1931,81.3483,18.6517
574,002517,恺英网络,4.2495,4.2495,93.0727,-3801.1436,81.301,18.699
575,300689,澄天伟业,2.434,2.1029,86.0697,4503.1815,81.2907,18.7093
576,300395,菲利华,3.3509,2.9065,123.3422,3419.7154,81.2785,18.7215
577,300475,聚隆科技,5.2709,5.1044,181.8789,-667.7017,81.2652,18.7348
578,600009,上海机场,2.3575,2.3543,197.9638,-6672.6501,81.2585,18.7415
579,601996,丰林集团,6.4108,4.598,311.4208,-20966.4369,81.2239,18.7761
580,300492,山鼎设计,5.1323,5.1323,185.8202,1813.9008,81.1966,18.8034
581,600215,长春经开,3.4792,0.5343,12.7889,551.7098,81.1947,18.8053
582,300287,飞利信,3.1131,2.7430000000000003,81.2541,-7288.8979,81.1937,18.8063
583,002381,双箭股份,3.8984,3.2369,111.1957,2343.2709,81.1857,18.8143
584,603660,苏州科达,4.5442,2.9081,33.5675,-557800.2306,81.1711,18.8289
585,002726,龙大肉食,3.7724,2.6899,210.2172,-4227.64,81.1486,18.8514
586,300502,新易盛,4.0028,2.2026,40.9975,29500.3537,81.1358,18.8642
587,002231,奥维通信,5.1624,3.5977,64.4723,61449.7089,81.115,18.885
588,002033,丽江旅游,3.3924,3.359,327.6612,2661.0867,81.1124,18.8876
589,300557,理工光科,5.2102,4.5668,202.3184,1.4853,81.1097,18.8903
590,300598,诚迈科技,6.4342,6.4042,326.7181,-16832.4295,81.0877,18.9123
591,300581,晨曦航空,4.8645,3.7989,100.4271,-12717.1243,81.0643,18.9357
592,002227,奥特迅,4.1867,2.5514,50.5775,228.1409,81.0562,18.9438
593,002360,同德化工,2.7412,2.4105,172.0366,-30061.6937,81.0545,18.9455
594,002574,明牌珠宝,3.4559,1.4671,61.6736,349.463,81.0517,18.9483
595,601579,会稽山,2.9553,1.179,32.3277,-13567.333999999999,81.0305,18.9695
596,300154,瑞凌股份,5.2652,4.9413,413.5133,1946.4649,81.0169,18.9831
597,600054,黄山旅游,2.9939,1.8396,94.6914,-20181.3809,81.0033,18.9967
598,002192,融捷股份,2.5567,1.9691,66.5877,-450.9973,80.9868,19.0132
599,603080,新疆火炬,1.5409,1.2037,77.3627,-36603.1238,80.9723,19.0277
600,000592,平潭发展,4.593999999999999,2.492,65.859,77.7972,80.9462,19.0538
601,600495,晋西车轴,3.3143,2.3508,67.1079,1016.9359,80.8848,19.1152
602,000795,英洛华,3.783,3.1428,158.8703,-1583.4939,80.8799,19.1201
603,300546,雄帝科技,5.0897,4.3019,203.5737,3625.5465,80.8496,19.1504
604,300112,万讯自控,2.6865,2.0362,76.0042,5572.8733,80.8159,19.1841
605,002840,华统股份,2.2153,1.5621,55.306000000000004,2655.0871,80.7822,19.2178
606,603989,艾华集团,3.7647,3.0572,103.6835,6180.1627,80.7568,19.2432
607,603288,海天味业,3.3093,3.0083,124.6269,-4676.6645,80.7289,19.2711
608,600640,号百控股,4.0944,4.0614,220.3032,-805.7463,80.7257,19.2743
609,300384,三联虹普,5.9443,5.8084,199.7932,3029.5051,80.7144,19.2856
610,002602,世纪华通,2.1544,1.797,61.9271,8569.8958,80.6649,19.3351
611,000762,西藏矿业,3.5403,3.3144,275.1038,672.3129,80.6589,19.3411
612,002549,凯美特气,2.2936,2.2156,115.4953,1693.9286,80.6222,19.3778
613,300647,超频三,4.7305,3.7585,307.3341,2557.1407,80.6139,19.3861
614,600727,鲁北化工,2.0981,1.7206,119.4782,-1278.5346,80.6051,19.3949
615,002196,方正电机,2.1184,1.485,18.7672,1365.9647,80.5997,19.4003
616,002079,苏州固锝,3.5309,2.9475,124.6957,1138.5247,80.5986,19.4014
617,300500,启迪设计,3.4418,3.4418,144.2281,-1337.4132,80.5838,19.4162
618,000892,欢瑞世纪,5.645,4.2167,61.7602,-786.1299,80.5814,19.4186
619,300404,博济医药,3.2693,2.5094,122.6227,81.6784,80.5771,19.4229
620,002268,卫士通,3.7874,3.4958,183.4807,-49979.4718,80.5487,19.4513
621,300580,贝斯特,3.3416,2.6764,10.7477,3177.4942,80.5336,19.4664
622,300233,金城医药,1.8769999999999998,1.6061,71.1761,1920.8410000000001,80.50399999999999,19.496
623,300528,幸福蓝海,3.6512,3.3663,137.7767,-607.0776,80.5034,19.4966
624,603038,华立股份,4.1035,3.6046,153.0156,-1738.3564,80.4848,19.5152
625,002591,恒大高新,2.3058,2.2172,93.9271,-20112.436999999998,80.4803,19.5197
626,300624,万兴科技,1.6158,1.5415,102.6818,2049.3448,80.4468,19.5532
627,300209,天泽信息,2.6935,2.58,87.8856,-645.9251,80.4243,19.5757
628,002229,鸿博股份,3.3671,2.924,94.4825,-545.3688,80.3987,19.6013
629,300177,中海达,3.8449,3.3292,96.311,4872.2266,80.3968,19.6032
630,300567,精测电子,4.9091,4.1294,248.8837,8275.5872,80.38600000000001,19.614
631,600776,东方通信,3.8745,2.6785,59.9818,-975.5046,80.3728,19.6272
632,300397,天和防务,3.1541,2.5455,34.6551,1165.562,80.3697,19.6303
633,600637,东方明珠,3.1541,2.9273,137.2289,-8780.9186,80.3451,19.6549
634,600513,联环药业,4.1344,3.6905,233.1589,-1365.5048,80.3408,19.6592
635,600226,瀚叶股份,2.5929,2.4404,164.5915,1203.6174,80.3404,19.6596
636,603060,国检集团,3.9729,3.9006,173.3745,-26258.3746,80.3263,19.6737
637,600436,片仔癀,3.7659,2.4558,179.7457,-29033.8968,80.2993,19.7007
638,000576,广东甘化,9.1623,8.0517,366.8842,-201.4353,80.2833,19.7167
639,600137,浪莎股份,3.9202,3.1209,119.4577,-2201.2555,80.2788,19.7212
640,002494,华斯股份,3.9846,2.2498,143.1364,212.16299999999998,80.2503,19.7497
641,603558,健盛集团,2.7691,2.1028,83.1278,3762.4519,80.2486,19.7514
642,300224,正海磁材,4.3111,3.5864,48.3531,805.6294,80.2331,19.7669
643,002642,荣之联,3.2489,2.3962,44.1333,-326.2383,80.2125,19.7875
644,300552,万集科技,4.4059,3.4497,32.8047,-232.2171,80.1774,19.8226
645,601890,亚星锚链,7.5018,6.1471,362.7315,524.3269,80.165,19.835
646,002330,得利斯,1.7544,1.2822,23.8442,-4313.303,80.1509,19.8491
647,603167,渤海轮渡,1.8096,1.6943,99.5782,-5447.0166,80.1069,19.8931
648,603029,天鹅股份,4.4225,3.42,186.15900000000002,632.6953,80.0839,19.9161
649,600620,天宸股份,7.1324,6.6613,443.4334,-3813.756,80.0759,19.9241
650,300463,迈克生物,3.2707,2.5623,39.499,8199.0766,80.0686,19.9314
651,600725,ST云维,12.6643,12.6643,662.3648,1885.0069,80.0516,19.9484
652,002870,香山股份,3.9892,3.2946,95.8793,1397.395,80.0327,19.9673
653,603767,中马传动,3.5660000000000003,3.108,213.5324,2738.3925,80.0261,19.9739
654,300199,翰宇药业,4.6944,4.3624,199.0243,1732.1971,80.0251,19.9749
655,300668,杰恩设计,6.7519,6.7519,453.411,5935.4844,79.9905,20.0095
656,603339,四方冷链,4.3666,3.1766,254.6155,2788.3601,79.982,20.018
657,603601,再升科技,3.4661,3.2744,74.5831,1213.6680000000001,79.9412,20.0588
658,603985,恒润股份,3.3161,2.5531,74.7988,1323.0121,79.9263,20.0737
659,600084,中葡股份,12.5335,6.3092,526.5163,-182.6824,79.9057,20.0943
660,600965,福成股份,2.6756,1.3880000000000001,102.13600000000001,1535.8862,79.8968,20.1032
661,601801,皖新传媒,4.0792,3.7632,222.7343,-1410.6546,79.8877,20.1123
662,603818,曲美家居,3.3293,2.8424,92.3743,-66669.5349,79.8685,20.1315
663,300113,顺网科技,2.3667,2.2754,176.0404,-2479.1062,79.8516,20.1484
664,603988,中电电机,3.9989999999999997,3.2461,103.2163,-928.2208,79.8509,20.1491
665,002282,博深工具,3.5031,2.7145,120.1664,1043.8154,79.8399,20.1601
666,000548,湖南投资,3.4738,1.6446,115.3443,-4817.8029,79.8158,20.1842
667,603369,今世缘,3.3854,2.201,85.7663,-8255.4999,79.8039,20.1961
668,600851,海欣股份,2.2489,1.8708,113.4072,4599.9195,79.7942,20.2058
669,300467,迅游科技,1.6926,1.6925,75.3657,2303.3747,79.7918,20.2082
670,300638,广和通,4.9379,4.3147,275.6218,5820.1932,79.7391,20.2609
671,002568,百润股份,1.7639,1.5916,124.5587,2526.0899,79.7158,20.2842
672,002327,富安娜,2.927,1.8219,38.6206,-28345.4496,79.6732,20.3268
673,603538,美诺华,2.8719,2.3615,186.5958,1486.8164,79.6625,20.3375
674,300165,天瑞仪器,3.0236,2.3209,145.0234,-371.9625,79.6498,20.3502
675,002605,姚记扑克,2.1574,1.2276,30.7096,-2290.5705,79.611,20.389
676,002818,富森美,1.2275,1.2275,80.5409,-111459.1719,79.6038,20.3962
677,300396,迪瑞医疗,2.7795,2.1659,81.2199,2946.9604,79.6026,20.3974
678,300555,路通视信,4.2236,3.858,19.1355,2679.8431,79.5893,20.4107
679,002898,赛隆药业,2.3102,1.8771,127.1906,107104.8089,79.569,20.430999999999997
680,002107,沃华医药,3.0108,2.6109,162.6307,1382.4619,79.5557,20.4443
681,300242,明家联合,2.0518,2.0518,22.1392,2292.5832,79.5532,20.4468
682,603311,金海环境,3.5944,3.0899,112.5755,4532.6918,79.5491,20.4509
683,300682,朗新科技,4.9824,4.1493,116.06,47.6408,79.5234,20.4766
684,600270,外运发展,2.7527,2.7504,194.9521,-2476.755,79.5211,20.4789
685,300251,光线传媒,4.3260000000000005,3.3455,121.7461,3643.2055,79.4711,20.5289
686,002836,新宏泽,2.7826,2.5604,65.2088,-105665.8849,79.3855,20.6145
687,002698,博实股份,4.3521,3.0852,13.8762,4975.7992,79.3697,20.6303
688,600289,ST信通,3.7648,3.4236,208.2928,-2241.0114,79.3544,20.6456
689,000766,通化金马,2.2212,1.5172,53.6216,1206.1579,79.3304,20.6696
690,601958,金钼股份,3.1574,2.5057,160.7437,-60.5695,79.3206,20.6794
691,600088,中视传媒,3.2633,2.9515,165.0978,-3177.3954,79.3027,20.6973
692,002414,高德红外,3.0969,1.9872,57.151,2402.5129,79.2914,20.7086
693,300345,红宇新材,2.7815,2.0976,58.7033,65.6867,79.2706,20.7294
694,002014,永新股份,3.4082,2.7042,102.6733,57137.6471,79.2406,20.7594
695,300369,绿盟科技,3.8335,3.7769999999999997,106.2118,-3288.7908,79.2329,20.7671
696,601952,苏垦农发,4.0762,2.6309,66.9712,-7927.4651,79.227,20.773000000000003
697,600747,*ST大控,4.2719,4.1827,32.9697,-78.6701,79.2145,20.7855
698,002757,南兴装备,2.764,1.6271,110.2874,8350.7798,79.2068,20.7932
699,002398,建研集团,3.2791,3.1597,23.7358,24241.2444,79.2053,20.7947
700,603196,日播时尚,3.9092,2.9091,99.2921,1477.0197,79.2008,20.7992
701,300049,福瑞股份,7.2197,6.9072,460.7913,782.1584,79.1902,20.8098
702,002821,凯莱英,3.9010000000000002,3.2883,253.5243,1097.5997,79.1621,20.8379
703,300046,台基股份,2.4186,2.0681,146.4577,-685.5347,79.1602,20.8398
704,300625,三雄极光,4.0845,3.4172,74.5324,-3579.8784,79.1579,20.8421
705,002634,棒杰股份,1.7384,1.4852,104.7371,1327.8349,79.1481,20.8519
706,603658,安图生物,2.2148,1.8631,19.2121,25103.3447,79.1307,20.8693
707,300421,力星股份,3.0105,2.4558,55.4384,4217.7723,79.1089,20.8911
708,300597,吉大通信,4.5601,3.6988,120.2014,-3238.9982,79.1053,20.8947
709,603977,国泰集团,2.0963,1.8996,72.6837,-7107.3529,79.0678,20.9322
710,002199,东晶电子,2.3409,1.7251,67.4606,-0.8544,79.0267,20.9733
711,300195,长荣股份,3.1921,2.7753,135.7462,-2397.1232,79.0135,20.9865
712,002687,乔治白,2.5046,1.6587,62.4122,52998.1767,78.9982,21.0018
713,300338,开元股份,1.5205,1.2648,41.6378,957.2768,78.9976,21.0024
714,000613,*ST东海A,1.1951,1.1816,55.571000000000005,-851.5849,78.9969,21.0031
715,600583,海油工程,2.3742,1.9343,111.5297,289.5873,78.9595,21.0405
716,002088,鲁阳节能,2.9224,2.435,75.0925,2907.8412,78.9111,21.0889
717,000557,西部创业,0.8859,0.8039,42.4562,864.8747,78.9086,21.0914
718,603976,正川股份,2.3962,1.8442,54.3977,-60697.5755,78.9057,21.0943
719,002353,杰瑞股份,4.493,3.3693,90.6943,289.9772,78.8686,21.1314
720,600090,同济堂,3.5666,3.2624,173.3777,5844.3026,78.8242,21.1758
721,600216,浙江医药,2.2413,1.5826,65.0372,-12030.2892,78.8138,21.1862
722,000677,恒天海龙,2.1596,1.7852,45.463,370.2469,78.7877,21.2123
723,601000,唐山港,1.6747,1.6226,95.9698,3823.9684,78.7831,21.2169
724,000793,华闻传媒,2.9955,2.8313,122.7859,1879.1689,78.7812,21.2188
725,603063,禾望电气,4.9197,4.3213,129.4258,4273.6464,78.768,21.232
726,300074,华平股份,2.6168,2.0803,84.9822,-5.1391,78.7615,21.2385
727,300451,创业软件,1.868,1.7164,23.7742,-994.1446,78.7597,21.2403
728,600130,波导股份,3.383,2.5003,102.7141,-902.6781,78.7112,21.2888
729,000989,九芝堂,3.1799,2.6158,73.2424,-2811.9362,78.687,21.313000000000002
730,300452,山河药辅,4.1452,3.8965,237.4009,-4008.6437,78.6672,21.3328
731,002127,南极电商,3.0687,3.0175,160.0404,-2506.6857,78.6669,21.3331
732,601006,大秦铁路,1.2236,1.1093,58.8933,3869.6628,78.6631,21.3369
733,002613,北玻股份,3.1658,2.4986,100.0006,-91397.8672,78.6513,21.3487
734,000990,诚志股份,1.7273,1.5757,32.273,941.6006,78.6503,21.3497
735,002186,全聚德,2.6527,2.4841,108.2441,10666.2856,78.646,21.354
736,603035,常熟汽饰,1.8621,1.4962,20.9527,3401.1761,78.6427,21.3573
737,300196,长海股份,3.5502,3.1754,76.6256,1178.4875,78.6015,21.3985
738,300348,长亮科技,7.1109,7.0979,218.6793,1161.0410000000002,78.5715,21.4285
739,603878,武进不锈,3.9826,2.6933,47.3127,-5029.8627,78.5506,21.4494
740,300551,古鳌科技,5.098,3.7749,130.1351,-586.0381,78.498,21.502
741,002034,旺能环境,3.1228,2.8448,218.025,904.8794,78.4958,21.5042
742,002521,齐峰新材,3.0514,2.1074,54.8602,1591.9782,78.4786,21.5214
743,002507,涪陵榨菜,3.4605,2.7649,49.6072,-60666.3313,78.4691,21.5309
744,002875,安奈儿,3.7815,2.6651,220.8075,10382.6626,78.46,21.54
745,002651,利君股份,3.4614,3.097,171.6089,-972.3081,78.4143,21.5857
746,300670,大烨智能,4.1425,4.0043,221.8559,-9504.2216,78.4003,21.5997
747,300423,鲁亿通,3.3697,3.2654,96.2955,-1955.7206,78.3945,21.6055
748,002732,燕塘乳业,1.5629,1.1134,60.2563,-36762.1198,78.3873,21.6127
749,600613,神奇制药,3.0143,2.635,56.1446,1049.1656,78.3729,21.6271
750,600735,新华锦,3.7294,2.4615,132.9982,-9483.5039,78.3404,21.6596
751,603066,音飞储存,4.1244,3.4995,48.8141,6220.0452,78.2904,21.7096
752,300307,慈星股份,4.4322,3.6002,84.0419,4022.6313,78.2834,21.7166
753,002735,王子新材,4.1472,3.6083,89.6644,2760.6305,78.268,21.732
754,603198,迎驾贡酒,3.2908,1.3745,47.3929,-4215.1966,78.2599,21.7401
755,300225,金力泰,3.4034,2.955,51.3522,-2793.0061,78.1925,21.8075
756,002382,蓝帆医疗,2.2218,1.7014,85.1532,1712.7083,78.1838,21.8162
757,002409,雅克科技,2.1439,1.6541,110.1148,1340.7060000000001,78.173,21.826999999999998
758,002287,奇正藏药,3.5854,3.4835,166.0005,-9962.2496,78.1346,21.8654
759,000301,东方市场,3.6437,2.6684,128.686,628.4418,78.1,21.9
760,300034,钢研高纳,4.1954,2.7519,40.6767,-11219.9944,78.0918,21.9082
761,603001,奥康国际,4.4954,3.3993,99.2226,12335.2646,78.0845,21.9155
762,603085,天成自控,2.9656,2.5285,141.1786,-8314.8878,78.071,21.929000000000002
763,000780,*ST平能,3.1189999999999998,3.0501,211.8824,-413.8947,78.0463,21.9537
764,002337,赛象科技,3.4104,2.4066,79.1979,858.6198,78.0272,21.9728
765,300569,天能重工,3.9698,3.2403,102.2601,-352.6729,78.0108,21.9892
766,300294,博雅生物,4.0757,2.864,153.239,-3659.5523,77.9892,22.0108
767,000088,盐田港,3.0564,3.0564,258.3602,-2906.8056,77.9449,22.0551
768,600894,广日股份,2.0347,1.7095,101.4738,-2587.5753,77.9281,22.0719
769,603991,至正股份,2.8713,2.5975,72.9615,1128.3586,77.9205,22.0795
770,300648,星云股份,3.7522,2.9198,79.3567,8747.6592,77.9113,22.0887
771,002562,兄弟科技,2.0291,1.6037,66.7391,5407.9429,77.9041,22.0959
772,000738,航发控制,2.7104,2.1751,77.0762,1393.7881,77.8632,22.1368
773,603015,弘讯科技,3.5781,2.8827,103.2486,648.1203,77.8234,22.1766
774,603500,祥和实业,3.1175,2.8497,47.3976,2543.5903,77.8048,22.1952
775,600378,天科股份,3.1992,2.8496,144.8726,-3192.7875,77.7854,22.2146
776,600365,通葡股份,3.1773,2.0505,52.6433,562.4269,77.7852,22.2148
777,600135,乐凯胶片,3.2879,2.6848,60.6794,-130286.1391,77.7776,22.2224
778,300102,乾照光电,3.342,2.9164,38.0104,2995.6741,77.7256,22.2744
779,600099,林海股份,3.1614,2.5783,122.0147,-3.574,77.7241,22.2759
780,300134,大富科技,2.8948,2.6288,216.9808,-902.2654,77.7166,22.2834
781,300466,赛摩电气,2.346,1.8311,10.3723,588.1111,77.6758,22.3242
782,300420,五洋停车,2.7009,2.1937,35.7507,-26874.1642,77.6721,22.3279
783,300292,吴通控股,1.5208,1.3208,37.8638,1737.7652,77.6551,22.3449
784,300505,川金诺,4.3433,2.346,136.1581,726.8757,77.6396,22.3604
785,002571,*ST德力,1.7339,1.117,50.4569,2493.69,77.5936,22.4064
786,600187,国中水务,3.0989,2.884,103.7471,149.6204,77.5876,22.4124
787,002158,汉钟精机,3.4058,2.9606,115.3545,-1620.9601,77.5812,22.4188
788,002444,巨星科技,2.4771,2.1481,121.1675,1124.369,77.5756,22.4244
789,603116,红蜻蜓,3.2453,2.3424,60.7689,-2767.0367,77.5604,22.4396
790,300432,富临精工,2.1849,1.9567,51.2218,16501.5835,77.5603,22.4397
791,603429,集友股份,3.9217,3.5907,17.3693,-5773.0339,77.5404,22.4596
792,002852,道道全,3.7613,2.6005,58.0758,-5156.8694,77.5284,22.4716
793,603444,吉比特,4.2366,4.2366,174.7798,-2931.5332,77.5133,22.4867
794,000032,深桑达A,3.3659,2.8113,150.6068,-19837.9429,77.4899,22.5101
795,000985,大庆华科,2.3017,1.703,169.8089,-858.3541,77.4883,22.5117
796,002825,纳尔股份,3.2274,2.7963,159.1706,764.6314,77.4821,22.5179
797,603738,泰晶科技,2.4507,1.8733,48.8365,2849.8395,77.4733,22.5267
798,002169,智光电气,2.8645,2.4584,20.8347,1562.9882,77.459,22.541
799,002315,焦点科技,3.1005,3.0854,123.2468,-4186.0583,77.4547,22.5453
800,300310,宜通世纪,2.4421,2.0803,110.9884,-2071.6917,77.3873,22.6127
801,002522,浙江众成,3.2880000000000003,2.8563,105.6873,3791.7342,77.3725,22.6275
802,600302,标准股份,3.7255,2.4326,74.5708,-43.73,77.3344,22.6656
803,002869,金溢科技,4.1816,3.9089,270.3551,-3532.3778,77.3249,22.6751
804,300353,东土科技,2.3153,2.0511,76.27,1217.9576,77.2946,22.7054
805,300602,飞荣达,3.8678,3.3943,192.0543,1322.0104,77.2753,22.7247
806,300155,安居宝,3.1338,2.373,119.8372,259.1484,77.2694,22.7306
807,000858,五粮液,3.9549,3.2849,239.81900000000002,-1536.9511,77.2553,22.7447
808,300713,英可瑞,4.1066,3.6063,81.5373,-20981.0019,77.2443,22.7557
809,603998,方盛制药,2.178,1.6892,111.9534,-4836.9898,77.2415,22.7585
810,000025,特力A,1.6275,1.5929,66.3855,90895.8563,77.2286,22.7714
811,300430,诚益通,2.6887,1.8915,76.6114,-6007.3025,77.2235,22.7765
812,300556,丝路视觉,3.9206,3.8519,69.5811,-759.6202,77.2202,22.7798
813,300547,川环科技,4.6929,3.6478,131.4357,6169.6023,77.2177,22.7823
814,300640,德艺文创,3.8832,3.7889,225.4419,1730.2974,77.2071,22.7929
815,601208,东材科技,2.2585,1.7935,39.7968,2124.4989,77.2067,22.7933
816,002117,东港股份,2.6104,2.4773,82.1674,-38837.1398,77.2057,22.7943
817,001965,招商公路,0.8962,0.7633,45.5828,2526.1537,77.1997,22.8003
818,300427,红相电力,3.9102,3.6,232.6122,-1050.0186,77.1717,22.8283
819,002150,通润装备,3.4689,2.9628,143.4502,1132.9988,77.1715,22.8285
820,300327,中颖电子,4.1596,3.7621,137.3886,-3919.4649,77.1532,22.8468
821,300141,和顺电气,3.6705,3.2593,99.64399999999999,1306.7456,77.1309,22.8691
822,002791,坚朗五金,3.4287,2.5846,67.3012,-1542.9519,77.1307,22.8693
823,002171,楚江新材,3.2726,2.6101,60.96,-2279.4225,77.1132,22.8868
824,300633,开立医疗,4.4232,3.5403,98.4415,3198.4404,77.1083,22.8917
825,300478,杭州高新,2.9601,2.5105,78.6254,1271.5162,77.1082,22.8918
826,300286,安科瑞,3.4479,3.0853,94.3024,-6894.0996,77.0857,22.9143
827,603006,联明股份,2.2319999999999998,1.3505,39.3559,-13811.4373,77.0831,22.9169
828,000919,金陵药业,2.9043,2.4019999999999997,93.8614,4933.6761,77.0157,22.9843
829,603229,奥翔药业,3.0589,2.485,216.3866,668.5934,76.9845,23.0155
830,603920,世运电路,3.8422,3.4932,105.5278,2180.0704,76.9823,23.0177
831,002718,友邦吊顶,2.2416,2.0251,73.3623,-1327.1292,76.9635,23.0365
832,600985,雷鸣科化,2.0057,1.883,98.3454,1510.9284,76.9613,23.0387
833,300366,创意信息,2.5755,2.1911,49.4643,1521.0989,76.9097,23.0903
834,002152,广电运通,3.2032,2.3461,110.39299999999999,-4790.0775,76.8635,23.1365
835,002428,云南锗业,1.3865,0.9433,43.4097,163.9021,76.8283,23.1717
836,600233,圆通速递,2.3922,2.3777,97.7206,-6910.8182,76.8242,23.1758
837,002298,中电鑫龙,2.6765,1.9262,82.5581,-4209.6539,76.8217,23.1783
838,000726,鲁泰A,1.6367,0.6033,30.1324,1691.6014,76.8092,23.1908
839,002878,元隆雅图,4.2332,4.082,207.0225,4532.4598,76.8081,23.1919
840,002782,可立克,3.0566,2.5204,55.9764,727.2015,76.806,23.194000000000003
841,000760,斯太尔,2.0004,1.6652,142.0908,2492.5838,76.7913,23.2087
842,600602,云赛智联,2.988,2.4504,124.1463,-1133.4249,76.7499,23.2501
843,603556,海兴电力,4.609,4.1857,212.4208,1832.8271,76.7208,23.2792
844,002677,浙江美大,3.0398,2.7432,63.9857,-7453.4116,76.696,23.304000000000002
845,600817,*ST宏盛,3.6579,3.6579,363.67400000000004,145.1136,76.6131,23.3869
846,002867,周大生,4.1111,2.3088,169.9265,-228366.8727,76.6119,23.3881
847,600330,天通股份,1.9765,1.5090000000000001,68.2699,1520.9908,76.6046,23.3954
848,002631,德尔未来,2.0613,1.4336,80.3779,-41752.5444,76.5984,23.4016
849,603728,鸣志电器,3.4951,3.0084,197.6016,1393.9664,76.581,23.419
850,600529,山东药玻,2.8779,2.3198,58.04600000000001,6642.6729,76.5787,23.4213
851,300280,南通锻压,2.9344,1.9459,114.6861,363.4149,76.4806,23.5194
852,300031,宝通科技,1.8325,1.5936,64.6248,-3814.8835,76.4668,23.5332
853,300277,海联讯,3.9475,3.2362,114.8678,350.0566,76.4644,23.5356
854,300368,汇金股份,2.6004,2.0709999999999997,79.7539,-1088.6301,76.457,23.543000000000003
855,603338,浙江鼎力,3.0113,2.4392,149.1927,3469.3925,76.4524,23.5476
856,002895,川恒股份,1.5822,0.9603,64.3712,2673.8653,76.4131,23.5869
857,300055,万邦达,2.6951,2.0406,88.2081,-3617.0105,76.4113,23.5887
858,300513,恒泰实达,4.0104,3.2294,98.8037,4235.2071,76.3955,23.6045
859,601216,君正集团,1.7912,1.6726,17.4464,1548.2671,76.3765,23.6235
860,300024,机器人,4.4023,2.8247,95.2798,-1330.5129,76.3687,23.6313
861,600219,南山铝业,1.6232,1.1169,62.943000000000005,1302.4618,76.3505,23.6495
862,002056,横店东磁,2.5865,2.1328,79.4485,-1709.1398,76.342,23.658
863,300359,全通教育,1.8264,1.7866,51.871,-464.9563,76.335,23.665
864,300217,东方电热,3.1215,2.4364,24.7265,2548.3869,76.3204,23.6796
865,300651,金陵体育,2.6733,2.0949,131.188,2704.0911,76.2526,23.7474
866,000611,天首发展,2.89,2.8076,269.9364,-3796.9259,76.2395,23.7605
867,600603,广汇物流,2.3763,1.8549,121.7822,649.6679,76.2316,23.7684
868,000833,贵糖股份,2.7539,2.1172,155.7093,1962.7979,76.2138,23.7862
869,600356,恒丰纸业,2.3109,1.79,88.3653,755.4956,76.1977,23.8023
870,002849,威星智能,3.6154,2.9209,149.4142,-1113.1322,76.1817,23.8183
871,000547,航天发展,3.1886,2.6447,100.1288,-38207.1134,76.1806,23.8194
872,002706,良信电器,2.9498,2.5282,43.7708,-37003.0894,76.1683,23.8317
873,002440,闰土股份,2.4636,1.8458,33.3271,6154.1102,76.1572,23.8428
874,002372,伟星新材,2.352,1.7524,77.4789,-13755.7378,76.1472,23.8528
875,002796,世嘉科技,2.978,2.6994,121.5794,30766.8456,76.1306,23.8694
876,603848,好太太,3.4828,3.2199,316.9187,-16604.2548,76.1286,23.8714
877,300436,广生堂,3.0097,2.8838,266.7782,-444.0194,76.1101,23.8899
878,002446,盛路通信,2.5761,2.1872,79.6559,-38711.1472,76.1078,23.8922
879,603043,广州酒家,3.3506,3.0298,283.2045,-1015.001,76.0924,23.9076
880,603898,好莱客,2.1619,2.0359,60.3428,-14418.8527,76.08800000000001,23.912
881,300170,汉得信息,3.3435,3.3409,91.4492,-2394.9616,76.0747,23.9253
882,300019,硅宝科技,2.8481,2.2136,57.2829,9371.1822,76.0692,23.9308
883,002286,保龄宝,1.4864,1.0881,49.1273,1284.8024,76.0641,23.9359
884,002882,金龙羽,3.4953,2.7273,134.3444,1589.5182,76.0017,23.9983
885,600897,厦门空港,0.9595,0.9594,33.16,-53865.2688,75.956,24.044
886,300326,凯利泰,2.7064,2.4330000000000003,62.4205,1830.1747,75.947,24.053
887,300479,神思电子,3.2968,2.3664,90.7694,-3019.3829,75.946,24.054000000000002
888,002173,创新医疗,2.4819999999999998,1.7323,45.7836,1655.7756,75.9093,24.0907
889,603165,荣晟环保,2.4427,2.2793,8.8433,7570.2391,75.8877,24.1123
890,600650,锦江投资,1.5232,1.3935,101.0639,-3849.6564,75.8816,24.1184
891,000563,陕国投A,0.6791,0.6791,22.5176,--,75.8724,24.1276
892,300360,炬华科技,3.3195,2.9271,139.9057,-1689.9205,75.8689,24.1311
893,300503,昊志机电,3.9163,2.722,42.0483,-4901.0464,75.8573,24.1427
894,002772,众兴菌业,5.2695,4.9609,81.336,-4343.9637,75.8541,24.1459
895,600770,综艺股份,1.874,1.7502,113.6864,512.233,75.8522,24.1478
896,300064,豫金刚石,4.3948,4.0809,77.1405,387.5656,75.8509,24.1491
897,002569,步森股份,5.1727,3.0353,221.1298,42114.1614,75.8442,24.1558
898,600490,鹏欣资源,3.5331,2.8808,93.1706,438.147,75.8136,24.1864
899,300220,金运激光,2.5437,1.4487,87.836,813.2543,75.782,24.218000000000004
900,300711,广哈通信,3.8143,2.2932,93.0139,-8212.1008,75.7526,24.2474
901,300158,振东制药,2.1666,1.8361,45.8441,2159.0714,75.7476,24.2524
902,002799,环球印务,1.9557,1.5245,47.1427,1634.0998,75.7224,24.2776
903,300009,安科生物,1.327,1.1247,20.7054,15202.3925,75.7175,24.2825
904,002469,三维工程,3.6018,3.2293,141.1321,-895.3969,75.6821,24.3179
905,002161,远望谷,1.6883,1.0817,40.6767,-397.7812,75.6762,24.3238
906,300717,华信新材,2.3124,1.9688,63.3881,2247.1502,75.6725,24.3275
907,603648,畅联股份,2.5869,2.5693,154.1127,-2329.9179,75.6264,24.3736
908,603131,上海沪工,3.2952,2.7234,209.9594,1156.481,75.6233,24.3767
909,603557,起步股份,2.8288,2.4368,79.9869,6252.6518,75.6063,24.3937
910,300632,光莆股份,2.8084,2.4136,77.5644,797.0875,75.5985,24.4015
911,300637,扬帆新材,2.9557,2.5045,130.648,1545.3129,75.5932,24.4068
912,002793,东音股份,2.3281,1.546,67.1708,1985.8248,75.579,24.421
913,600080,金花股份,1.032,0.8936,8.8542,556.9782,75.5541,24.4459
914,603218,日月股份,3.1710000000000003,2.8451,38.1872,98200.7958,75.5287,24.4713
915,300078,思创医惠,2.4037,1.8415,48.1619,1399.7311,75.4851,24.5149
916,300246,宝莱特,2.5395,2.0346,74.5985,6469.7224,75.484,24.516
917,300350,华鹏飞,1.8145,1.0533,16.4826,2697.0411,75.465,24.535
918,002211,宏达新材,2.9889,2.6289,12.421,2833.7304,75.4565,24.5435
919,300119,瑞普生物,2.0662,1.6597,41.9681,1422.8967,75.4561,24.5439
920,000929,兰州黄河,3.1918,2.5884,166.437,-42.1032,75.4559,24.5441
921,002123,梦网集团,2.0103,1.7591,51.3085,2006.2673,75.4333,24.5667
922,601858,中国科传,4.1103,3.5379,292.1538,-420.8882,75.42,24.58
923,000004,国农科技,3.0524,2.7797,234.6666,1214.5899,75.4062,24.5938
924,603226,菲林格尔,2.5448,2.0594,199.0139,3441.5606,75.3886,24.6114
925,300188,美亚柏科,2.4449,1.8622,123.76299999999999,-404.9757,75.3374,24.6626
926,002003,伟星股份,1.9765,1.4380000000000002,47.8882,3978.7576,75.3335,24.6665
927,600703,三安光电,5.0612,4.5213,238.7242,7840.2062,75.2911,24.7089
928,002903,宇环数控,3.4709,2.6162,145.7727,-5065.3067,75.2823,24.7177
929,002124,天邦股份,1.8658,1.1537,80.5431,2203.828,75.2789,24.7211
930,000519,中兵红箭,2.7472,1.8,96.1435,802.5647,75.2696,24.7304
931,603960,克来机电,3.3082,2.5658,183.3553,-11170.11,75.2598,24.7402
932,002907,华森制药,2.2794,2.0532,52.9997,-365948.1585,75.2553,24.7447
933,300164,通源石油,3.5207,2.8571,52.6401,71.2094,75.2337,24.7663
934,002582,好想你,2.5992,1.9359,102.4731,605.8719,75.2276,24.7724
935,002246,北化股份,2.6894,1.892,60.831,3017.9725,75.2153,24.7847
936,002191,劲嘉股份,1.4042,1.0787,36.7619,6533.2643,75.1819,24.8181
937,603986,兆易创新,4.0828,3.0525,268.158,3243.5984,75.1743,24.8257
938,600824,益民集团,1.7278,0.8609,48.3424,1443.1465,75.1703,24.8297
939,600366,宁波韵升,1.8837,1.4558,56.8678,1074.7602,75.1228,24.8772
940,002439,启明星辰,2.1583,1.8730000000000002,39.4075,1576.5617,75.1166,24.8834
941,002533,金杯电工,2.8447,2.13,76.6232,-557.4209999999999,75.0911,24.9089
942,603908,牧高笛,3.6637,2.6436,91.2396,2837.9825,75.0893,24.9107
943,600628,新世界,1.7625,1.6343,127.1644,4200.0819,75.0858,24.9142
944,300330,华虹计通,3.2054,2.8143,34.9932,-123902.2208,75.033,24.967
945,300599,雄塑科技,2.8831,2.2847,171.7918,26218.3761,75.0305,24.9695
946,300738,奥飞数据,2.0265,1.9341,65.5034,-53458.7503,74.9693,25.0307
947,300263,隆华节能,2.3493,1.8209,24.6871,2501.3166,74.9352,25.0648
948,002890,弘宇股份,2.3723,1.7145,30.4125,4548.3682,74.9277,25.0723
949,002519,银河电子,2.4054,2.0458,105.4443,-4021.5878,74.9215,25.0785
950,002242,九阳股份,2.6433,2.3458,76.7587,105978.1131,74.9057,25.0943
951,002391,长青股份,1.8256,1.105,24.064,950.0185,74.892,25.108
952,300627,华测导航,4.5723,3.8836,218.7659,-15975.7558,74.8766,25.1234
953,600826,兰生股份,3.0484,2.8664,59.0255,-879.4639999999999,74.8739,25.1261
954,300092,科新机电,2.7414,1.9913,8.1163,-8573.9412,74.8669,25.1331
955,002828,贝肯能源,2.7581,2.5245,117.6851,-1328.0976,74.8657,25.1343
956,600516,方大炭素,3.0612,2.5772,118.7721,8607.177,74.8632,25.1368
957,603360,百傲化学,3.1175,2.8360000000000003,186.1476,4416.141,74.8351,25.1649
958,002853,皮阿诺,3.1449,2.9262,121.4535,-844.6232,74.8303,25.1697
959,300629,新劲刚,3.2065,2.7474,115.1594,465.7712,74.8112,25.1888
960,000581,威孚高科,2.863,2.582,45.7646,86732.0403,74.7876,25.2124
961,600658,电子城,6.4744,4.0687,330.4842,-317.0968,74.7753,25.2247
962,000423,东阿阿胶,3.1716,1.6712,55.8721,-16862.8938,74.7322,25.2678
963,002633,申科股份,2.5193,2.0117,114.3963,1353.3201,74.7255,25.2745
964,000729,燕京啤酒,1.4429,0.5807,39.6568,14037.0804,74.6961,25.3039
965,300255,常山药业,3.8616,1.8444,107.0796,1142.2752,74.6728,25.3272
966,002532,新界泵业,1.7975,1.0879,60.979,2496.5103,74.6669,25.3331
967,600091,ST明科,15.7668,15.7668,120.0501,-42053.9322,74.65,25.35
968,300012,华测检测,2.2489,2.2430000000000003,110.1747,2465.4429999999998,74.6294,25.3706
969,300688,创业黑马,3.8906,3.8877,333.1467,-1097.0947,74.6264,25.3736
970,603777,来伊份,2.6696,2.4105,133.9992,-5223.0749,74.6247,25.3753
971,603860,中公高科,4.2354,3.6527,106.8813,4069.4855,74.5595,25.4405
972,600585,海螺水泥,1.8705,1.5955,104.9052,12307.822,74.5525,25.4475
973,600579,天华院,3.0872,2.1972,37.9773,295.7071,74.5388,25.4612
974,002395,双象股份,2.5361,1.5253,73.2567,1339.2711,74.5235,25.4765
975,300331,苏大维格,2.2248,1.7447,53.3933,863.041,74.5186,25.4814
976,002557,洽洽食品,2.4343,1.7506,30.3447,5046.8384,74.5161,25.4839
977,300413,快乐购,3.4522,3.2672,178.5464,-3.1227,74.5087,25.4913
978,603888,新华网,6.2185,6.2099,371.3992,-1208.818,74.4735,25.5265
979,603966,法兰泰克,3.6948,2.7985,125.0638,7765.7703,74.4586,25.5414
980,603639,海利尔,3.4088,2.9657,94.1961,2525.5706,74.444,25.555999999999997
981,603685,晨丰科技,2.6568,1.8069,36.5255,4248.8219,74.4258,25.5742
982,000673,当代东方,3.0987,2.4751,29.014,1371.4463,74.4242,25.5758
983,603701,德宏股份,3.0611,2.6194,37.1557,-175829.9982,74.3919,25.6081
984,603298,杭叉集团,3.1256,2.5448,63.4493,-13623.2988,74.3897,25.6103
985,300008,天海防务,2.0476,0.9277,53.2926,5892.7386,74.3816,25.6184
986,002020,京新药业,1.9815,1.6173,30.0424,8520.47,74.3512,25.6488
987,002587,奥拓电子,2.7878,2.3576,99.0426,1506.0631,74.3348,25.6652
988,000869,张裕A,1.7162,0.9328,59.9905,8162.1426,74.295,25.705
989,600756,浪潮软件,2.5549,2.1597,39.348,-3152.5907,74.274,25.726
990,600353,旭光股份,3.1413,2.6460000000000004,114.7688,-7072.1807,74.2733,25.7267
991,002109,兴化股份,0.6940000000000001,0.6262,16.4741,666.8228,74.2605,25.7395
992,600229,城市传媒,2.3768,2.0378,131.8355,-5257.7401,74.257,25.743000000000002
993,000008,神州高铁,2.2252,1.9128,56.2861,1175.3824,74.2407,25.7593
994,002304,洋河股份,2.4773,1.1825,22.2687,-15217.1162,74.2375,25.7625
995,603667,五洲新春,2.5288,1.4235,31.6576,2926.1068,74.2363,25.7637
996,002114,罗平锌电,1.1864,0.6005,26.2759,292.9695,74.2217,25.7783
997,603856,东宏股份,3.5624,2.7274,43.6643,19020.3619,74.1977,25.8023
998,300650,太龙照明,8.1305,7.164,317.5078,5657.4722,74.1368,25.8632
999,600962,国投中鲁,1.9643,1.2146,39.0412,159.4025,74.0564,25.9436
1000,002331,皖通科技,2.8139999999999996,2.2633,124.8634,-2010.2512,74.0271,25.9729
1001,000518,四环生物,3.2395,0.6861,7.7138,1996.9572,74.0253,25.9747
1002,002699,美盛文化,2.2484,2.1214,22.3098,3492.1988,74.0166,25.9834
1003,603528,多伦科技,3.4492,2.7366,196.579,-1251.7615,73.9992,26.0008
1004,603385,惠达卫浴,2.5858,1.8469,111.5009,1001.28,73.9791,26.0209
1005,300159,新研股份,2.4104,1.8435,35.7305,559.4635,73.9469,26.0531
1006,603817,海峡环保,0.9212,0.904,51.8806,468.9334,73.9398,26.0602
1007,300631,久吾高科,3.7849,2.952,65.6124,-1348.1526,73.9275,26.0725
1008,300428,四通新材,2.4244,1.9894,59.277,921.8501,73.9217,26.0783
1009,600641,万业企业,3.6699,2.457,142.4172,-8593.9566,73.9072,26.0928
1010,603586,金麒麟,2.8664,2.4742,151.3138,1286.4727,73.8898,26.1102
1011,002214,大立科技,3.2935,2.0337,37.5204,602.5155,73.8863,26.1137
1012,600571,信雅达,2.4541,1.903,36.0687,1075.2949,73.8723,26.1277
1013,002417,深南股份,3.6574,3.6574,215.2629,657.0709,73.847,26.153000000000002
1014,600199,金种子酒,2.8106,1.9748,162.6027,30.0649,73.804,26.195999999999998
1015,002703,浙江世宝,2.5506,2.0085,37.319,45556.4585,73.8035,26.1965
1016,300462,华铭智能,3.6213,2.5798,34.4709,-1598.5902,73.7708,26.2292
1017,600004,白云机场,0.6006,0.5829,32.9989,-33622.5236,73.7671,26.2329
1018,002012,凯恩股份,2.4443,1.8311,45.0031,572.6698,73.7429,26.2571
1019,603906,龙蟠科技,3.1859,2.478,64.0075,1317.7741,73.7397,26.2603
1020,300523,辰安科技,3.8269,2.9703,44.2206,-193.6445,73.7227,26.2773
1021,603868,飞科电器,2.8089,2.2494,97.853,-5788.1337,73.652,26.348000000000003
1022,300448,浩云科技,2.406,1.8777,43.2946,1159.2312,73.6475,26.3525
1023,002363,隆基机械,2.0396,1.5199,40.7024,568.7615,73.6318,26.3682
1024,002233,塔牌集团,1.5001,1.2058,25.8586,13774.8099,73.4756,26.5244
1025,601689,拓普集团,2.5707,2.1311,76.5541,8293.6342,73.4362,26.5638
1026,600933,爱柯迪,3.4001,2.5452,107.3987,-9147.2912,73.4191,26.5809
1027,002086,东方海洋,2.7638,1.4196,69.5491,826.8369,73.3912,26.6088
1028,002850,科达利,2.4658,2.194,72.1988,2253.2484,73.3794,26.6206
1029,300645,正元智慧,3.1185,2.6277,33.7192,-2349.205,73.3766,26.6234
1030,002761,多喜爱,3.6748,1.9040000000000001,106.4637,930.1201,73.363,26.636999999999997
1031,002272,川润股份,2.7739,2.3107,54.4861,164.4331,73.358,26.642
1032,300662,科锐国际,3.6706,3.6706,207.4313,-8520.6376,73.3404,26.6596
1033,000998,隆平高科,2.3679,1.6769999999999998,57.0169,-2300.1456,73.291,26.709
1034,002151,北斗星通,2.3365,2.0055,90.9838,-1621.7715,73.2872,26.7128
1035,002584,西陇科学,2.3839,1.7447,78.4929,1253.3493,73.2814,26.7186
1036,300098,高新兴,2.2362,1.9278,96.1966,-553.8424,73.2748,26.7252
1037,603679,华体科技,3.0536,2.5989999999999998,156.023,2946.7164,73.2544,26.7456
1038,300036,超图软件,2.4708,2.4419,61.378,5320.1698,73.2076,26.7924
1039,603899,晨光文具,2.49,1.611,19.0788,-16868.8367,73.1985,26.8015
1040,000836,鑫茂科技,2.5155,2.13,53.8239,2927.995,73.1846,26.8154
1041,603286,日盈电子,2.1519,1.8188,117.7541,1196.6728,73.1726,26.8274
1042,603567,珍宝岛,2.7102,1.8052,74.3567,1392.1957,73.1688,26.8312
1043,002278,神开股份,3.0646,2.0893,42.0391,-328.3931,73.166,26.834
1044,600488,天药股份,1.6848,0.9490000000000001,39.8282,6576.3029,73.1071,26.8929
1045,300585,奥联电子,3.2482,2.7275,129.5107,-14342.7736,73.1057,26.8943
1046,300482,万孚生物,3.1674,2.6841,177.9899,10544.1243,73.1041,26.8959
1047,002773,康弘药业,5.1736,4.9281,406.7037,-1955.7181,73.0985,26.9015
1048,002675,东诚药业,2.2416,1.6803,58.7639,635.1941,73.0677,26.9323
1049,300253,卫宁健康,1.837,1.6873,41.551,8200.8549,73.0458,26.9542
1050,300051,三五互联,0.6153,0.6109,37.1293,-11080.7434,73.0137,26.9863
1051,002057,中钢天源,3.8817,3.1078,62.9014,1997.1931,72.9557,27.0443
1052,603028,赛福天,2.2607,1.368,65.0994,1125.318,72.9553,27.0447
1053,600558,大西洋,1.8863,1.3023,25.2061,695.1785,72.9505,27.0495
1054,603599,广信股份,2.2903,1.8634,103.6631,12246.4465,72.9231,27.0769
1055,300491,通合科技,2.7366,2.3887,128.4737,3289.2035,72.8833,27.1167
1056,000545,金浦钛业,2.0138,1.6036,26.233,1427.6497,72.8578,27.1422
1057,300045,华力创通,2.2839,1.9115,27.4944,-34996.3717,72.8388,27.1612
1058,600854,春兰股份,2.0764,0.8637,44.4286,2894.3622,72.8037,27.1963
1059,300084,海默科技,2.129,1.7851,42.8767,128.9761,72.7969,27.2031
1060,002787,华源控股,2.3048,1.5553,28.8018,9689.7509,72.7954,27.2046
1061,300316,晶盛机电,2.873,2.4127,53.4859,-5696.2174,72.7912,27.2088
1062,002650,加加食品,0.9766,0.5418,29.3214,2149.4082,72.7889,27.2111
1063,603589,口子窖,2.5595,1.5298,46.1404,-24883.8756,72.7645,27.2355
1064,300010,立思辰,1.8253,1.4548,25.7215,320.9516,72.7519,27.2481
1065,002555,三七互娱,1.4071,1.3633,67.8444,7219.898,72.7384,27.2616
1066,002424,贵州百灵,2.8539,2.2446,61.3649,10893.2432,72.7122,27.2878
1067,603300,华铁科技,1.8671,1.864,130.3125,684.4418,72.6831,27.3169
1068,002043,兔宝宝,2.5205,2.0571,46.4956,15174.1038,72.6648,27.3352
1069,600355,精伦电子,2.6239,1.5983,29.1799,-11553.883999999998,72.6582,27.3418
1070,600715,文投控股,2.9874,2.9776,192.889,2757.9901,72.617,27.383000000000003
1071,600367,红星发展,2.2865,1.6342,59.7288,1279.4883,72.582,27.418000000000003
1072,603367,辰欣药业,2.471,1.7994,34.3774,-7592.9135,72.5742,27.4258
1073,300213,佳讯飞鸿,2.6016,2.3565,105.915,-3620.9959999999996,72.5674,27.4326
1074,002538,司尔特,3.9131,2.661,37.4103,843.0822,72.5561,27.4439
1075,002560,通达股份,2.4575,2.0765,19.9439,355.7066,72.5424,27.4576
1076,002877,智能自控,3.2615,2.8237,132.6561,1594.7022,72.5344,27.4656
1077,002262,恩华药业,2.5941,2.1542,91.9235,-7819.2571,72.5313,27.4687
1078,002492,恒基达鑫,1.6637,1.6577,70.4563,747.0199,72.5218,27.4782
1079,002099,海翔药业,2.2639,1.8743,116.2555,614.1976,72.5199,27.4801
1080,300248,新开普,2.6211,2.123,30.2334,5601.7856,72.4985,27.5015
1081,600718,东软集团,2.5274,1.7514,77.013,360.1034,72.4877,27.5123
1082,002238,天威视讯,1.7922,1.7709,156.9444,-968.3508,72.4636,27.5364
1083,000786,北新建材,1.574,1.1209,32.0685,2070.2437,72.4631,27.5369
1084,300719,安达维尔,2.9226,2.1779,61.843999999999994,-426.4646,72.4453,27.5547
1085,600538,国发股份,2.2343,2.0051,30.7213,-605.5657,72.4449,27.5551
1086,000938,紫光股份,1.7657,1.3498,33.9677,3777.283,72.429,27.570999999999998
1087,300319,麦捷科技,2.5595,1.7034,106.7677,4705.1238,72.4189,27.5811
1088,603158,腾龙股份,2.863,2.2776,67.30199999999999,-4116.9904,72.4045,27.5955
1089,002908,德生科技,3.4202,2.7117,111.5415,-32795.1575,72.3955,27.6045
1090,300456,耐威科技,2.1339,1.864,67.884,490.4742,72.3473,27.6527
1091,002194,武汉凡谷,2.7153,1.9554,101.7384,-7128.2861,72.289,27.711
1092,300437,清水源,2.0551,1.4759,70.6189,1482.2327,72.2839,27.7161
1093,300114,中航电测,2.6197,2.0438,86.7466,-2735.8979,72.27600000000001,27.724
1094,002053,云南能投,3.4766,3.0615,111.2549,155469.6122,72.2733,27.7267
1095,600562,国睿科技,3.4575,1.7604,71.7503,2871.8575,72.2095,27.7905
1096,002829,星网宇达,2.8624,2.4943,66.9799,-32817.9459,72.1765,27.8235
1097,000685,中山公用,0.8672,0.8265,14.8855,1006.2595,72.1752,27.8248
1098,002638,勤上股份,3.2973,3.0599,170.6203,-1177.6163,72.1638,27.8362
1099,300181,佐力药业,2.2442,1.7247,17.0151,1339.9256,72.1613,27.8387
1100,300037,新宙邦,2.1111,1.7592,51.088,2836.4381,72.1419,27.8581
1101,300380,安硕信息,2.7902,1.9354,67.6237,3068.9133,72.1286,27.8714
1102,002297,博云新材,2.0006,1.4118,83.7958,18.9314,72.1155,27.8845
1103,300652,雷迪克,2.8069,2.2587,162.5141,3106.2309,72.0556,27.9444
1104,002847,盐津铺子,2.0924,1.6411,136.3605,4500.7573,72.0436,27.9564
1105,300489,中飞股份,2.9635,1.7392,27.8016,1055.917,72.0408,27.9592
1106,600242,中昌数据,2.0265,2.0265,124.9197,1885.035,72.036,27.964000000000002
1107,002478,常宝股份,2.4852,1.8132,62.0926,-1943.6747,71.9829,28.0171
1108,601515,东风股份,2.2405,1.5975,52.4782,2907.7543,71.9134,28.0866
1109,600468,百利电气,2.5874,2.1754,66.2389,66753.6507,71.9091,28.0909
1110,600674,川投能源,0.73,0.7199,26.7051,1013.4055,71.8997,28.1003
1111,002598,山东章鼓,2.7460000000000004,1.767,15.7371,-15870.9933,71.8992,28.1008
1112,603979,金诚信,3.32,2.9107,100.6572,1145.6242,71.8904,28.1096
1113,603939,益丰药房,2.6491,2.0683,33.7739,-1008.4626,71.8768,28.1232
1114,002917,金奥博,3.4516,2.7333,168.2655,-1784.8231,71.8592,28.1408
1115,002661,克明面业,2.2955,1.9913,42.4469,1550.4837,71.8209,28.1791
1116,002526,山东矿机,2.4071,1.7342,20.5792,253.4023,71.8127,28.1873
1117,603716,塞力斯,2.7711,2.3923,63.8421,1667.7891,71.7766,28.2234
1118,300222,科大智能,2.1468,1.5743,20.2472,-10927.9597,71.7486,28.2514
1119,300373,扬杰科技,2.3834,2.1958,30.5243,3059.3158,71.7441,28.2559
1120,300470,日机密封,6.0046,5.3097,296.4006,10782.1561,71.6964,28.3036
1121,600493,凤竹纺织,1.6380000000000001,0.9626,40.1249,471.8602,71.6716,28.3284
1122,300665,飞鹿股份,3.0009,2.6999,120.1414,557.1834,71.6131,28.3869
1123,300593,新雷能,4.4685,3.3791,140.7293,-1596.9358,71.5908,28.4092
1124,002780,三夫户外,3.8571,2.3474,147.1928,132.2172,71.5812,28.4188
1125,600338,西藏珠峰,1.7941,1.5419,120.7066,-1030.2007,71.5318,28.4682
1126,000665,湖北广电,0.397,0.38799999999999996,12.2657,5289.2482,71.5276,28.4724
1127,600159,大龙地产,3.222,0.7764,39.1438,-1251.5608,71.5222,28.4778
1128,603098,森特股份,2.9951,1.4686,39.9496,1774.0949,71.5106,28.4894
1129,300710,万隆光电,3.1767,2.3833,28.6818,2481.8703,71.5105,28.4895
1130,603533,掌阅科技,3.2765,3.2527,238.8642,-768.5723,71.4887,28.5113
1131,603128,华贸物流,2.4157,2.3058,71.7125,5185.3634,71.4859,28.5141
1132,002230,科大讯飞,2.6565,2.3102,95.7813,-1145.0921,71.4688,28.5312
1133,002461,珠江啤酒,3.3722,3.0829,16.6514,-132.1911,71.4482,28.5518
1134,603313,梦百合,2.8187,2.3835,121.7029,1805.9118,71.4406,28.5594
1135,002098,浔兴股份,1.8547,1.2255,20.442999999999998,2122.5523,71.4397,28.5603
1136,300383,光环新网,2.4773,2.4746,17.4383,787.2045,71.4327,28.5673
1137,002049,紫光国芯,3.3626,2.576,110.0372,2031.6817,71.4198,28.5802
1138,000156,华数传媒,3.1577,3.1346,162.7265,-637.0174,71.3922,28.6078
1139,603326,我乐家居,2.2171,2.0661,126.6302,37316.7318,71.3802,28.6198
1140,300264,佳创视讯,2.1534,1.9284,56.835,8447.0904,71.3774,28.6226
1141,601595,上海电影,2.6355,2.6103,152.6846,-2931.7475,71.3672,28.6328
1142,002441,众业达,2.6951,2.0985,33.4023,-1885.8718,71.3555,28.6445
1143,002376,新北洋,1.6667,1.2846,53.1903,1305.8237,71.3502,28.6498
1144,002270,华明装备,2.8742,2.272,44.028,4842.7437,71.3422,28.6578
1145,600960,渤海活塞,2.1018,1.8168,106.5875,569.4654,71.3195,28.6805
1146,603159,上海亚虹,2.2014,1.4574,46.2177,4603.4175,71.3156,28.6844
1147,300658,延江股份,2.8285,2.5180000000000002,194.4905,621.6422,71.2817,28.7183
1148,002702,海欣食品,2.0428,1.5155,4.7595,-17714.4759,71.27600000000001,28.724
1149,300339,润和软件,1.4228,1.4108,21.6712,348.8191,71.2708,28.7292
1150,300033,同花顺,3.0653,3.0653,287.7379,-1244.5776,71.2637,28.7363
1151,002108,沧州明珠,2.7506,2.3535,58.7791,4952.5003,71.2227,28.7773
1152,002520,日发精机,3.0763,2.1493,54.0188,4289.8293,71.1992,28.8008
1153,300202,聚龙股份,9.6324,8.2767,281.4246,316.0956,71.1721,28.8279
1154,002604,ST龙力,2.895,2.5679,192.7375,341.4361,71.1626,28.8374
1155,600305,恒顺醋业,1.2977,0.7874,20.1113,3184.6688,71.1007,28.8993
1156,300129,泰胜风能,2.3413,1.7532,36.0789,5275.5109,71.0935,28.9065
1157,300683,海特生物,3.0965,3.0423,212.4137,-2120.6691,71.0818,28.9182
1158,300540,深冷股份,3.2547,3.0804,25.4686,-317.1755,71.0644,28.9356
1159,603617,君禾股份,2.5732,2.1661,166.6163,1132.046,71.0342,28.9658
1160,601888,中国国旅,2.8273,2.3333,154.0415,-7035.0209,70.9622,29.0378
1161,601007,金陵饭店,1.9018,1.2439,80.9259,1030.6347,70.9587,29.0413
1162,000823,超声电子,2.1576,1.7206,67.2242,591.8238,70.9571,29.0429
1163,600892,大晟文化,1.1331,1.1062,25.0547,1655.0851,70.9379,29.0621
1164,300687,赛意信息,3.2,3.2,119.0145,4390.335999999999,70.9265,29.0735
1165,002122,天马股份,2.3151,1.3293,15.0607,554.3551,70.9152,29.0848
1166,300571,平治信息,3.5483,3.5483,152.5945,2799.9274,70.8238,29.1762
1167,603788,宁波高发,2.7869,2.445,49.7362,346437.9875,70.7343,29.2657
1168,300582,英飞特,1.0425,0.757,15.0166,496.5667,70.7086,29.2914
1169,002465,海格通信,2.4091,1.7865,51.3241,804.0586,70.6887,29.3113
1170,300605,恒锋信息,3.1822,1.4863,75.7377,-2391.5996,70.6608,29.3392
1171,002296,辉煌科技,3.7708,3.3572,181.8407,553.3325,70.6336,29.3664
1172,002438,江苏神通,2.7051,1.9649,45.7081,709.0798,70.624,29.375999999999998
1173,603277,银都股份,2.4192,1.3157,57.7802,2522.0687,70.6236,29.3764
1174,002572,索菲亚,1.8732,1.6906,87.7338,56224.4064,70.6201,29.3799
1175,300410,正业科技,1.94,1.3416,32.1114,6878.3047,70.6108,29.3892
1176,002528,英飞拓,3.1956,2.572,47.1711,530.2255,70.6047,29.3953
1177,002649,博彦科技,2.2354,2.2351,139.5791,861.7926,70.5633,29.4367
1178,603968,醋化股份,2.3637,2.0781,100.1986,1323.8288,70.5241,29.4759
1179,600070,浙江富润,1.7223,1.2292,34.3282,2108.3172,70.4838,29.5162
1180,000553,沙隆达A,2.2704,1.9244,105.9552,1042.6065,70.4803,29.5197
1181,300655,晶瑞股份,2.6519,2.3376,95.804,2327.5442,70.4706,29.5294
1182,002185,华天科技,1.4409999999999998,0.8893,34.6682,8967.2229,70.4523,29.5477
1183,300028,金亚科技,0.6408,0.5968,8.4025,-11444.8516,70.4497,29.5503
1184,002334,英威腾,2.5855,2.0009,62.7974,-7728.007,70.4492,29.5508
1185,603208,江山欧派,3.133,2.6933,52.2607,3454.9959,70.3973,29.6027
1186,002476,宝莫股份,2.8284,2.2256,45.7942,-2633.6487,70.3873,29.6127
1187,000159,国际实业,2.4212,1.2419,28.783,-327.6106,70.381,29.619
1188,300270,中威电子,2.2116,1.7285,44.833999999999996,-5522.9509,70.3356,29.6644
1189,002734,利民股份,1.7709,1.4732,56.6924,784.2351,70.3276,29.6724
1190,002722,金轮股份,1.9279,1.3744,23.3582,1033.0566,70.2845,29.7155
1191,603305,旭升股份,1.2673,0.8854,19.0334,4895.3336,70.2755,29.7245
1192,300562,乐心医疗,2.2468,1.885,55.9126,-771.6856,70.2478,29.7522
1193,300460,惠伦晶体,1.609,1.236,66.4745,445.6748,70.2326,29.7674
1194,603113,金能科技,2.4579,2.094,45.5828,3225.9163,70.2041,29.7959
1195,600805,悦达投资,0.6739,0.5868,30.7288,216.1263,70.1784,29.8216
1196,603335,迪生力,2.5302,1.1998,88.0587,492.4489,70.1623,29.8377
1197,000859,国风塑业,2.1507,1.7709,67.4994,577.1902,70.1558,29.8442
1198,300180,华峰超纤,1.268,0.9837,44.8184,1348.8213,70.1078,29.8922
1199,000661,长春高新,2.6481,1.7407,44.2173,-8754.675,70.1028,29.8972
1200,603990,麦迪科技,2.2783,2.145,70.2091,1225.4189,70.0993,29.9007
1201,002681,奋达科技,2.4799,1.7511,45.5906,1125.9452,70.0799,29.9201
1202,002685,华东重机,2.8903,2,104.658,753.8159,70.045,29.955
1203,300171,东富龙,2.8136,1.8762,82.4005,83994.007,70.0444,29.9556
1204,002783,凯龙股份,2.4687,2.2239,145.4146,2493.4313,70.0223,29.9777
1205,603858,步长制药,1.3807,1.1327,56.8144,2881.0051,70.0087,29.9913
1206,002774,快意电梯,3.1681,2.6698,78.9897,-2274.5788,69.9871,30.0129
1207,000029,深深房A,3.1983,1.4615,114.5171,-6895.5531,69.9598,30.0402
1208,300660,江苏雷利,3.0532,2.6462,129.6538,1446.4656,69.9555,30.0445
1209,002498,汉缆股份,2.4863,1.8908,24.7591,15665.7136,69.9469,30.0531
1210,002657,中科金财,2.3333,2.067,81.5712,2039.3732,69.9453,30.0547
1211,300182,捷成股份,1.7944,1.6359,37.4228,1133.6953,69.9369,30.0631
1212,000806,银河生物,2.4423,1.7933,43.0748,-322.1159,69.9206,30.0794
1213,002855,捷荣技术,2.468,1.6685,93.7301,-868.7073,69.9135,30.0865
1214,002816,和科达,3.0023,2.241,81.8125,939.7975,69.9023,30.0977
1215,603813,原尚股份,1.3104,1.3062,33.3214,2007.9873,69.9004,30.0996
1216,300538,同益股份,3.2147,2.8577,90.613,413.4571,69.8679,30.1321
1217,000529,广弘控股,2.2751,1.9619,132.7476,-2094.8636,69.8581,30.1419
1218,603768,常青股份,1.9919,1.6797,28.4224,780.9805,69.8485,30.1515
1219,600830,香溢融通,2.4348,2.3974,142.3298,445.091,69.8304,30.1696
1220,600103,青山纸业,2.2969,1.8094,40.0926,523.3078,69.8221,30.1779
1221,600753,东方银星,3.1912,3.1912,307.2558,1.7952,69.8067,30.1933
1222,603808,歌力思,1.7079,1.2567,86.3858,-876.9589,69.8041,30.1959
1223,603088,宁波精达,1.981,0.9619,42.4086,1300.9238,69.79,30.21
1224,600101,明星电力,0.7434,0.6559,49.0557,-4252.3252,69.7822,30.2178
1225,300727,润禾材料,1.7383,1.2946,13.2685,1783.3983,69.7435,30.2565
1226,002412,汉森制药,0.9447,0.7618,17.7924,983.345,69.7412,30.2588
1227,300067,安诺其,1.8018,1.3444,33.0832,2298.9814,69.7381,30.2619
1228,300258,精锻科技,1.1686,0.8834,25.206,2146.4376,69.6927,30.3073
1229,002318,久立特材,1.86,0.9946,23.812,949.3188,69.6897,30.3103
1230,603816,顾家家居,2.0377,1.5725,44.5019,2863.5193,69.6516,30.3484
1231,002566,益盛药业,2.7687,0.6251,8.351,443.9997,69.5869,30.4131
1232,600012,皖通高速,2.212,2.2078,192.6077,3767.7387,69.5801,30.4199
1233,300498,温氏股份,1.4198,0.4425,6.2273,-2505.3809,69.5619,30.4381
1234,002678,珠江钢琴,2.2063,1.091,56.5908,1804.484,69.5449,30.4551
1235,300441,鲍斯股份,1.2911,0.7728,26.857,2623.0809,69.5156,30.4844
1236,600982,宁波热电,3.42,2.7816,126.5654,1627.1747,69.503,30.497
1237,600763,通策医疗,2.6489,2.5121,198.9383,2022.8681,69.4927,30.5073
1238,600076,康欣新材,1.7649,0.6457,16.0525,1542.0343,69.48899999999999,30.511
1239,002626,金达威,2.8423,2.3058,99.2371,2148.495,69.486,30.514
1240,601158,重庆水务,2.0458,1.9378,103.7837,18344.1995,69.4633,30.5367
1241,600630,龙头股份,2.7207,1.3759,32.3071,1384.9803,69.4619,30.5381
1242,600679,上海凤凰,1.3921,1.2594,64.2736,2369.016,69.4419,30.5581
1243,603607,京华激光,2.2677,1.7386,66.2216,-24828.5816,69.4301,30.5699
1244,300577,开润股份,2.8451,2.3278,104.3014,3507.0625,69.3899,30.6101
1245,002408,齐翔腾达,1.1541,0.8477,30.5104,1527.3265,69.3861,30.6139
1246,601098,中南传媒,2.9066,2.6584,211.9253,-1870.1212,69.3662,30.6338
1247,000676,智度股份,3.0928,3.0928,169.8234,2884.9881,69.358,30.642
1248,002518,科士达,3.0926,2.5461,68.7317,1992.4503,69.3528,30.6472
1249,002755,东方新星,2.8834,2.638,67.9082,-108.7856,69.3327,30.6673
1250,002458,益生股份,0.9217,0.6984,31.7002,-1689.9048,69.3191,30.6809
1251,002923,润都股份,3.1047,2.1855,140.3237,1480.5648,69.3001,30.6999
1252,300085,银之杰,2.0464,1.7438,42.7042,987.5689,69.298,30.701999999999998
1253,600167,联美控股,8.2575,8.1164,682.6309,-1683.4357,69.2705,30.7295
1254,601678,滨化股份,1.1613,1.0253,37.822,1166.9641,69.2657,30.7343
1255,002054,德美化工,2.1344,1.7167,48.1977,348.2981,69.245,30.755
1256,600816,安信信托,--,--,--,--,69.2227,30.7773
1257,600566,济川药业,1.8378,1.6886,42.7094,-9938.9338,69.2204,30.7796
1258,603003,龙宇燃油,2.6786,2.4858,171.3814,-49.1717,69.2077,30.7923
1259,600783,鲁信创投,5.8714,5.4719,220.1969,790.7734,69.2049,30.7951
1260,300736,百华悦邦,2.2785,2.114,43.9097,2056.765,69.1956,30.8044
1261,002328,新朋股份,1.6708,1.196,33.2903,3778.8102,69.1706,30.8294
1262,300324,旋极信息,2.1132,1.7929,119.3655,-3186.7983,69.1559,30.8441
1263,000636,风华高科,1.6905,1.3869,35.272,853.1341,69.1476,30.8524
1264,002263,大东南,1.1584,0.9759,47.8814,88.3776,69.1421,30.8579
1265,600592,龙溪股份,4.2464,3.3064,74.982,913.9583,69.1355,30.8645
1266,601137,博威合金,1.6776,0.9331,15.8023,741.1948,69.1195,30.8805
1267,300673,佩蒂股份,2.1574,1.8586,116.5721,902.7760000000001,69.09100000000001,30.909000000000002
1268,300447,全信股份,1.6879,1.1787,33.7488,7295.1698,69.0871,30.9129
1269,600975,新五丰,2.8002,1.8101,161.5821,1397.6922,69.0561,30.9439
1270,002559,亚威股份,2.3881,1.7375,89.0544,-6170.2644,69.0528,30.9472
1271,300227,光韵达,1.3041,1.026,30.6121,473.9258,69.0269,30.9731
1272,000815,美利云,2.7576,1.7777,42.1728,-1124.5585,69.0036,30.9964
1273,300678,中科信息,2.3952,1.6688,51.9484,-2152.2115,68.9752,31.0248
1274,601717,郑煤机,2.8164,2.4745,94.2493,755.4965,68.9634,31.0366
1275,002611,东方精工,1.6467,1.2251,34.5322,9646.8249,68.9633,31.0367
1276,600332,白云山,2.6945,2.3705,156.6082,-1546.4164,68.95100000000001,31.049
1277,002747,埃斯顿,3.6742,3.0819,76.9334,2022.8306,68.9499,31.0501
1278,600844,*ST丹科,0.7922,0.601,44.1254,527.9821,68.9473,31.0527
1279,603012,创力集团,2.767,2.4786,48.9124,1667.2979,68.9215,31.0785
1280,603823,百合花,2.2853,1.6111,89.4939,4156.4097,68.9164,31.0836
1281,600594,益佰制药,1.4377,1.2368,55.1441,766.7163,68.9014,31.0986
1282,300440,运达科技,2.8839,2.4878,141.6987,-2113.9693,68.8913,31.1087
1283,603869,北部湾旅,2.1713,1.8834,71.0852,857.9685,68.8628,31.1372
1284,000713,丰乐种业,1.9071,0.7059,18.2662,-839.6676,68.8561,31.1439
1285,002283,天润曲轴,1.3213,0.9036,12.7984,1070.7926,68.8473,31.1527
1286,300607,拓斯达,2.9592,2.2991,45.0203,-2676.42,68.8036,31.1964
1287,300271,华宇软件,2.1535,1.5826,61.8546,-3533.5264,68.768,31.232
1288,600551,时代出版,2.3337,1.7856,81.0677,-2645.6620000000003,68.7564,31.2436
1289,600959,江苏有线,0.9418,0.8246,66.7,-11978.9212,68.7343,31.2657
1290,300068,南都电源,2.4686,1.5119,28.6808,654.7873,68.7037,31.2963
1291,300563,神宇股份,1.7722,1.3787,54.6218,2720.3072,68.6973,31.3027
1292,002656,摩登大道,2.3951,1.8609,98.5373,1598.2728,68.6826,31.3174
1293,600479,千金药业,2.5182,2.0175,49.8307,-1109.6884,68.6758,31.3242
1294,002134,*ST普林,1.5464,1.0901,38.952,8429.7558,68.638,31.362
1295,002028,思源电气,2.7439,2.2334,82.5754,1589.8927,68.5875,31.4125
1296,002880,卫光生物,3.0663,2.0141,187.7516,1083.0728,68.5678,31.4322
1297,600977,中国电影,2.6443,2.3462,185.28400000000002,-1626.2693,68.5063,31.4937
1298,300596,利安隆,2.3345,1.7469,97.9396,1399.9299,68.4801,31.5199
1299,002029,七匹狼,2.2561,1.9505,76.6849,-165.0461,68.4653,31.5347
1300,002900,哈三联,1.3412,0.88,33.8207,5039.6682,68.453,31.546999999999997
1301,300108,吉药控股,5.7163,3.8777,104.3723,655.9662,68.4523,31.5477
1302,603183,建研院,2.0893,1.6771,14.1407,-845086.984,68.452,31.548000000000002
1303,300290,荣科科技,2.7227,2.5712,69.5349,48200.3742,68.445,31.555
1304,000607,华媒控股,1.5264,1.4661,52.085,-3674.7717,68.4297,31.5703
1305,603228,景旺电子,2.2755,1.9608,50.7146,7702.3239,68.3771,31.6229
1306,300356,光一科技,2.0442,1.8255,26.2665,1376.3927,68.3416,31.6584
1307,300412,迦南科技,2.3073,1.6659,76.0628,-2176.0713,68.2602,31.7398
1308,600317,营口港,1.9133,1.8962,130.2615,371.4843,68.2574,31.7426
1309,600530,交大昂立,0.9014,0.7763,62.8175,587.9942,68.2505,31.7495
1310,601010,文峰股份,0.9619,0.4524,26.9104,1738.3667,68.2351,31.7649
1311,603689,皖天然气,1.338,1.3056,67.3791,2570.8245,68.2351,31.7649
1312,600746,江苏索普,1.6971,1.5457,33.7576,34938.6418,68.2293,31.7707
1313,603789,星光农机,2.0582,1.6858,61.0293,-2135.3147,68.2189,31.7811
1314,603017,中衡设计,1.4879,1.3456,21.8337,-3347.3834,68.2071,31.7929
1315,603861,白云电器,2.082,1.5646,4.6176,10167.9394,68.15899999999999,31.840999999999998
1316,600145,*ST新亿,5.7097,5.7096,8.301,29.4357,68.158,31.842
1317,000510,金路集团,0.6709999999999999,0.4321,12.0626,466.8342,68.1338,31.8662
1318,300543,朗科智能,2.1454,1.5819999999999999,110.4899,1001.0,68.0983,31.9017
1319,002128,露天煤业,1.3719,1.2873,36.5906,2636.2218,68.0758,31.9242
1320,603358,华达科技,2.2265,1.4133,27.4746,-6825.738,68.0543,31.9457
1321,002639,雪人股份,1.4683,0.9159999999999999,17.642,150.8146,68.0347,31.9653
1322,601188,龙江交通,1.575,0.5987,46.4158,-6338.603,68.0209,31.9791
1323,002873,新天药业,2.3983,2.1519999999999997,131.4812,816.6595,68.0205,31.9795
1324,002155,湖南黄金,1.5952,1.1874,22.3101,1115.9789,68.014,31.986
1325,600232,金鹰股份,2.4118,1.2127,49.3831,321.3797,67.9889,32.0111
1326,002347,泰尔股份,2.2642,1.421,27.8538,433.3271,67.9832,32.0168
1327,300579,数字认证,3.0068,2.7441,130.9908,-3408.8527,67.9504,32.0496
1328,603718,海利生物,2.7805,2.5545,60.7509,1357.9101,67.92699999999999,32.073
1329,603722,阿科力,1.3251,1.1931,65.1492,6733.8258,67.9206,32.0794
1330,300282,汇冠股份,1.5339,1.1522,56.8003,746.1195,67.9121,32.0879
1331,002396,星网锐捷,2.4092,1.6434,45.2128,2895.8383,67.9065,32.0935
1332,002102,冠福股份,1.5814,1.1487,41.2064,393.9563,67.8971,32.1029
1333,300272,开能环保,0.8964,0.7347,12.7271,528.3668,67.8617,32.1383
1334,300549,优德精密,2.4148,2.1851,50.7656,-3089.5483,67.8445,32.1555
1335,002139,拓邦股份,1.8452,1.5179,40.5932,836.2092,67.8193,32.1807
1336,002312,*ST三泰,2.7533,2.7485,87.2085,-726.4263,67.785,32.215
1337,600382,广东明珠,7.2092,5.6338,170.5453,1747.6543,67.7805,32.2195
1338,000702,正虹科技,1.354,0.5363,35.8523,-39.0301,67.7735,32.2265
1339,002001,新和成,2.1103,1.6261,92.9257,1084.4615,67.7585,32.2415
1340,603598,引力传媒,2.8457,2.8457,114.7894,-1838.9896,67.7087,32.2913
1341,002597,金禾实业,1.8547,1.6582,48.7207,2469.593,67.6869,32.3131
1342,000902,新洋丰,1.8022,1.2987,57.7504,19565.7786,67.6795,32.3205
1343,603803,瑞斯康达,2.6715,2.083,70.8216,1893.4782,67.6311,32.3689
1344,603579,荣泰健康,2.4934,2.2865,200.1138,1249.7453,67.6242,32.3758
1345,600532,宏达矿业,1.1320000000000001,1.0811,88.9096,-59.246,67.6138,32.3862
1346,603677,奇精机械,2.2341,1.5807,12.9424,1667.6555,67.6133,32.3867
1347,600085,同仁堂,2.9785,1.8589,127.4982,95824.8889,67.5959,32.4041
1348,002823,凯中精密,1.9462,1.5477,68.0093,1543.5486,67.5716,32.4284
1349,601069,西部黄金,1.0121,0.4897,33.5626,1055.4332,67.564,32.436
1350,000682,东方电子,2.5927,1.9114,89.7484,-15317.3219,67.5153,32.4847
1351,002410,广联达,5.4953,5.4562,351.3332,1696.0517,67.5106,32.4894
1352,300484,蓝海华腾,2.6652,2.2452,94.7471,-6033.4768,67.5055,32.4945
1353,603978,深圳新星,1.7808,1.545,27.3549,1494.0912,67.4983,32.5017
1354,603002,宏昌电子,1.9844,1.8649,68.7748,-472.4115,67.4873,32.5127
1355,002886,沃特股份,2.557,1.9615,108.4424,586.1176,67.4821,32.5179
1356,300269,联建光电,0.9940000000000001,0.8627,31.5526,3596.8668,67.4803,32.5197
1357,002448,中原内配,1.6138,1.2107,53.0469,1063.5978,67.4394,32.5606
1358,600980,北矿科技,2.2953,1.8042,66.7415,1621.9546,67.4324,32.5676
1359,002404,嘉欣丝绸,1.8112,1.2177,15.5506,832.4508,67.4321,32.5679
1360,300510,金冠电气,1.3085,1.1727,27.9249,-5645.9253,67.3795,32.6205
1361,300545,联得装备,3.0113,1.9713,87.4923,9718.6284,67.3489,32.6511
1362,600522,中天科技,2.5874,2.0489,75.9622,2308.4394,67.3028,32.6972
1363,002065,东华软件,2.5053,1.7114,20.2432,4863.85,67.2724,32.7276
1364,002601,龙蟒佰利,1.1708,0.8785,39.019,2391.9963,67.2714,32.7286
1365,002753,永东股份,3.8567,3.1867,77.4343,4347.3255,67.2617,32.7383
1366,002258,利尔化学,1.9340000000000002,1.2465,48.1287,1947.5353,67.2468,32.7532
1367,300200,高盟新材,1.6199,1.4646,85.02600000000001,963.7111,67.2275,32.7725
1368,601811,新华文轩,1.4924,1.1116,49.5181,-5239.8899,67.2218,32.7782
1369,300490,华自科技,2.0988,1.8018,43.925,81469.3616,67.2102,32.7898
1370,603222,济民制药,1.8538,1.4509,68.3097,533.6996,67.2079,32.7921
1371,600315,上海家化,2.7383,2.434,102.275,-1220.4845,67.2034,32.7966
1372,600557,康缘药业,1.5794,1.4517,10.8294,1024.4162,67.1827,32.8173
1373,603903,中持股份,2.2524,1.8695,88.5118,644.4341,67.1347,32.8653
1374,002715,登云股份,1.7829,1.079,38.8283,221.1471,67.0928,32.9072
1375,600146,商赢环球,2.9108,2.7875,108.374,895.3467,67.0769,32.9231
1376,603110,东方材料,1.9296,1.5498,30.8734,1307.4608,67.0747,32.9253
1377,600285,羚锐制药,1.6496,1.3361,43.5513,4745.5489,67.063,32.937
1378,600889,南京化纤,1.3542,0.9493,22.531,1556.9315,67.0617,32.9383
1379,600885,宏发股份,1.8284,1.4185,22.2447,3258.5797,67.0349,32.9651
1380,603089,正裕工业,2.3522,1.9909999999999999,64.8935,2052.4105,67.0214,32.9786
1381,002599,盛通股份,1.4253,1.0270000000000001,49.6251,4185.5083,66.9914,33.0086
1382,000552,靖远煤电,1.5383,1.3957,49.7371,-3951.4403,66.9833,33.0167
1383,603356,华菱精工,1.9124,1.5821,37.7014,6177.6431,66.9818,33.0182
1384,300416,苏试试验,2.0032,1.4439,32.5369,2492.5935,66.9702,33.0298
1385,002872,天圣制药,1.7765,1.4746,78.3954,1041.5282,66.9543,33.0457
1386,300002,神州泰岳,1.5778,1.3827,31.8464,85.4669,66.9507,33.0493
1387,600379,宝光股份,2.2272,1.605,33.5824,2072.3618,66.939,33.061
1388,002367,康力电梯,2.0675,1.6745,15.3441,23730.8016,66.9205,33.0795
1389,000619,海螺型材,1.8358,1.3801,22.6874,150.183,66.9202,33.0798
1390,603223,恒通股份,1.1129,1.0314,17.3029,2913.2997,66.9051,33.0949
1391,002588,史丹利,1.5845,1.0292,17.9304,2889.4714,66.9025,33.0975
1392,600422,昆药集团,2.3886,1.7079,59.2595,2381.1258,66.869,33.131
1393,603009,北特科技,1.9003,1.6468,61.2834,1109.5205,66.8658,33.1342
1394,600688,上海石化,1.4945,0.9203,65.1097,-3559.6832,66.8533,33.1467
1395,002293,罗莱生活,2.2906,1.4314,48.2174,1068.8278,66.8508,33.1492
1396,300514,友讯达,3.0032,2.3464,114.5189,4635.3913,66.8292,33.1708
1397,000538,云南白药,3.5314,2.338,56.5104,6065.6765,66.8085,33.1915
1398,300671,富满电子,2.6729,2.0436,110.99600000000001,1008.5671,66.77199999999999,33.228
1399,002618,丹邦科技,1.6511,1.5912,34.5274,171.7126,66.7675,33.2325
1400,600105,永鼎股份,1.8411,1.2862,45.1735,1076.9422,66.7661,33.2339
1401,600095,哈高科,4.2484,2.2999,143.445,-143.5919,66.7563,33.2437
1402,002143,印纪传媒,3.7711,3.0456,42.5392,1867.0146,66.7319,33.2681
1403,002255,海陆重工,2.0286,1.354,44.2792,14312.6188,66.7255,33.2745
1404,002111,威海广泰,1.9527,1.1693,16.7835,1483.4918,66.6892,33.3108
1405,600825,新华传媒,1.7212,1.5103,40.355,36.5567,66.673,33.327
1406,000822,山东海化,2.0934,1.7180000000000002,52.4871,16043.2749,66.6506,33.3494
1407,603079,圣达生物,1.8072,1.2635,56.2403,964.4838,66.6492,33.3508
1408,002837,英维克,3.7747,3.2928,96.037,7064.6191,66.6416,33.3584
1409,601933,永辉超市,2.0066,1.6447,52.783,-1503.4612,66.6167,33.3833
1410,603800,道森股份,2.2595,1.6133,44.3356,342.4688,66.6136,33.3864
1411,601500,通用股份,1.5656,0.7915,43.3178,4591.8774,66.6003,33.3997
1412,603535,嘉诚国际,1.4933,1.2274,63.3586,16098.1238,66.5666,33.4334
1413,300526,中潜股份,1.0799,0.7165,19.1227,638.8132,66.5629,33.4371
1414,600060,海信电器,2.7146,2.2726,33.2922,1813.6584,66.5622,33.4378
1415,300400,劲拓股份,2.5717,1.8543,106.3356,27167.6776,66.5326,33.4674
1416,600647,同达创业,1.5882,1.2252,100.9202,-2244.9689,66.5323,33.4677
1417,002612,朗姿股份,1.6276,1.264,17.2686,348.2064,66.4674,33.5326
1418,300690,双一科技,2.0354,1.6233,26.9211,3414.5164,66.45100000000001,33.549
1419,600508,上海能源,0.8959,0.7855,14.5219,904.0647,66.4414,33.5586
1420,601028,玉龙股份,2.4423,2.2879,185.5664,217.3356,66.4151,33.5849
1421,600152,维科精华,0.8244,0.5486,27.351,690.4054,66.406,33.594
1422,300013,新宁物流,1.5443,1.4836,33.7313,716.2532,66.4047,33.5953
1423,002848,高斯贝尔,2.5482,2.1421,63.4197,213.1777,66.3884,33.6116
1424,300735,光弘科技,1.5538,1.4137,21.6361,-2285.571,66.3763,33.6237
1425,603380,易德龙,2.3942,2.082,138.8783,2826.2404,66.3649,33.6351
1426,603026,石大胜华,1.2058,0.8233,22.1286,1335.0586,66.3515,33.6485
1427,603933,睿能科技,2.783,2.1605,143.0424,2407.2267,66.3387,33.6613
1428,300476,胜宏科技,1.6962,1.3728,28.4402,1002.1532,66.301,33.699
1429,600113,浙江东日,1.0861,1.0333,84.4759,1196.8727,66.2716,33.7284
1430,300537,广信材料,1.3031,1.1445,28.6455,-43215.7596,66.2592,33.7408
1431,600818,中路股份,1.0559,0.851,29.1805,1191.1379,66.2549,33.7451
1432,300230,永利股份,1.726,1.3001,71.0304,2115.0321,66.2548,33.7452
1433,002025,航天电器,2.8142,2.5414,63.7334,-2928.6204,66.235,33.765
1434,000536,华映科技,1.6997,1.6433,124.0059,336.1753,66.2302,33.7698
1435,601218,吉鑫科技,2.3652,1.9102,74.6615,355.9458,66.2236,33.7764
1436,300173,智慧松德,2.9335,2.6959,119.9202,1670.4077,66.2231,33.7769
1437,603809,豪能股份,2.3911,1.7575,22.1203,2876.3143,66.2123,33.7877
1438,000593,大通燃气,1.5159,1.2351,39.884,273.1537,66.176,33.824
1439,002497,雅化集团,1.117,0.9289,20.9759,1387.4802,66.1624,33.8376
1440,002138,顺络电子,1.0908,0.7587,15.6227,1159.8882,66.1305,33.8695
1441,002503,搜于特,3.2204,2.5091,69.4396,1950.6570000000002,66.1287,33.8713
1442,603887,城地股份,2.6859,1.47,41.3049,11640.1558,66.1208,33.8792
1443,600797,浙大网新,1.7292,1.4455,42.3786,2294.0506,66.1075,33.8925
1444,002664,长鹰信质,2.2271,1.8548,46.6408,-2496.7568,66.1001,33.8999
1445,002708,光洋股份,1.6814,1.2636,21.8284,240.3445,66.0998,33.9002
1446,002766,索菱股份,1.7302,1.1862,51.783,471.0924,66.0708,33.9292
1447,000999,华润三九,1.4317,1.1352,26.9525,6396.7764,66.06,33.94
1448,300153,科泰电源,2.2429,1.5141,40.1638,257.837,66.0524,33.9476
1449,603303,得邦照明,2.4979,2.0161,38.7378,1208.4977,66.0418,33.9582
1450,000516,国际医学,1.4863,1.4563,136.9385,2314.9502,66.0379,33.9621
1451,002168,深圳惠程,1.4392,1.3533,24.7922,-4144.9393,65.9584,34.0416
1452,300699,光威复材,2.6093,2.2427,33.3602,2046.3985,65.9572,34.0428
1453,600794,保税科技,3.0683,2.7375,83.2361,-340.6411,65.9538,34.0462
1454,002709,天赐材料,1.5434,1.2524,20.5078,3116.1351,65.9511,34.0489
1455,600523,贵航股份,2.0113,1.5578,37.4233,6492.9429,65.9497,34.0503
1456,002085,万丰奥威,1.9657,1.4843,42.3218,1615.8905,65.947,34.053000000000004
1457,002864,盘龙药业,1.9389,1.7688,69.4205,-64435.2903,65.9165,34.0835
1458,002737,葵花药业,2.2751,1.6428,95.8855,5416.2481,65.8772,34.1228
1459,600599,熊猫金控,1.8107,1.7871,54.5478,238.6984,65.8621,34.1379
1460,002402,和而泰,2.0956,1.6427,57.9361,1393.0307,65.8526,34.1474
1461,600419,天润乳业,1.32,1.0398,82.4693,-9791.855,65.8515,34.1485
1462,002023,海特高新,4.7856,4.107,227.6432,271.0778,65.84100000000001,34.159
1463,603559,中通国脉,2.5564,1.9879,57.8492,3512.2571,65.8203,34.1797
1464,300089,文化长城,3.1452,2.8315,160.7815,205.2542,65.7971,34.2029
1465,300425,环能科技,1.8523,1.4269999999999998,55.9992,1061.862,65.7618,34.2382
1466,000719,中原传媒,2.1652,1.8685,97.4568,-1853.256,65.7265,34.2735
1467,000590,启迪古汉,3.0556,2.6805,200.0903,-1105.282,65.6976,34.3024
1468,002665,首航节能,1.8793,1.609,9.2774,2883.1735,65.6898,34.3102
1469,300486,东杰智能,1.8022,1.2853,24.8503,6824.2826,65.6884,34.3116
1470,601929,吉视传媒,0.8639,0.5329,24.5547,629.0048,65.6787,34.3213
1471,600519,贵州茅台,2.3581,1.8533,178.2769,-42783.4588,65.6766,34.3234
1472,603268,松发股份,2.1778,1.4979,50.3381,573.4044,65.648,34.352
1473,603377,东方时尚,1.2372,1.2372,57.063,4910.7291,65.6468,34.3532
1474,603698,航天工程,2.0608,1.8351,70.5695,-718.8541,65.5888,34.4112
1475,002232,启明信息,2.4454,2.0156,119.9372,-80.1819,65.5696,34.4304
1476,000037,深南电A,1.4302,1.3404,35.2063,5.9575,65.5015,34.4985
1477,300472,新元科技,1.9167,1.5558,28.041,320.8446,65.4893,34.5107
1478,000812,陕西金叶,1.5735,1.0332,78.0169,648.9756,65.4725,34.5275
1479,002640,跨境通,3.1788,1.7172,56.5222,1791.681,65.4598,34.5402
1480,300087,荃银高科,2.5452,1.4655,78.6289,-4605.8958,65.459,34.541
1481,600761,安徽合力,2.2933,1.7994,39.4042,-9237.8263,65.4396,34.5604
1482,002792,通宇通讯,2.5997,2.0729,107.9863,-675.9585,65.4344,34.5656
1483,000777,中核科技,2.2457,1.6983,33.7286,138.8274,65.4189,34.5811
1484,002536,西泵股份,1.6833,1.2335,16.9528,1600.7452,65.4122,34.5878
1485,300276,三丰智能,2.1706,1.4131,22.7671,1169.3164,65.4021,34.5979
1486,000681,视觉中国,1.2873,1.2466,44.7295,828.425,65.40100000000001,34.599000000000004
1487,600796,钱江生化,1.8896,1.2363,40.3506,1343.521,65.4009,34.5991
1488,300093,金刚玻璃,1.7982,1.3584,83.9765,334.208,65.3812,34.6188
1489,603833,欧派家居,1.536,1.2804,109.4244,-9255.4047,65.3717,34.6283
1490,600598,北大荒,1.3947,1.1182,57.1103,-3414.2091,65.352,34.648
1491,000901,航天科技,2.2357,1.5851,57.9032,428.3036,65.3031,34.6969
1492,300378,鼎捷软件,1.5207,1.4994,59.3151,-2397.087,65.2845,34.7155
1493,002851,麦格米特,2.4642,1.8132,26.8404,3961.3462,65.2688,34.7312
1494,002369,卓翼科技,1.5653,1.2085,78.434,55.7868,65.2455,34.7545
1495,600843,上工申贝,2.8387,1.9822,76.7014,-2605.8366,65.2439,34.7561
1496,002771,真视通,2.4246,1.8072,31.5274,-4785.9059,65.2433,34.7567
1497,000913,钱江摩托,1.9363,1.262,35.965,539.7744,65.1862,34.8138
1498,300608,思特奇,2.7796,1.9966,82.9501,-57.5642,65.1628,34.8372
1499,600329,中新药业,1.9326,1.4877,59.9303,9024.5237,65.1505,34.8495
1500,600156,华升股份,2.0148,1.3130000000000002,31.2176,-1623.8378,65.1342,34.8658
1501,601799,星宇股份,2.3718,1.9224,26.2191,-144477.8161,65.0954,34.9046
1502,603801,志邦股份,2.0052,1.7139,147.2434,36080.3085,65.0584,34.9416
1503,002187,广百股份,1.5291,1.4136,32.7642,2151.9192,65.0539,34.9461
1504,601928,凤凰传媒,1.8556,1.5348,82.8761,-2759.1845,65.0181,34.9819
1505,300138,晨光生物,1.9699,0.8844,23.7487,744.9433,65.0141,34.9859
1506,603329,上海雅仕,2.3486,2.2273,69.7714,2368.7672,64.9925,35.0075
1507,002433,太安堂,2.82,0.754,21.2858,421.1905,64.9808,35.0192
1508,300565,科信技术,2.5765,1.8973,33.4079,-611.0351,64.9767,35.0233
1509,300707,威唐工业,2.0103,1.2875,82.0674,-3833.9651,64.9649,35.0351
1510,300320,海达股份,2.0213,1.4639,14.7927,3103.0167,64.9525,35.0475
1511,002842,翔鹭钨业,2.3042,1.714,71.734,1174.347,64.9519,35.0481
1512,300706,阿石创,2.2806,1.6975,59.8437,1951.2431,64.95,35.05
1513,600689,上海三毛,1.9277,1.8559999999999999,98.3519,-3751.6142,64.9472,35.0528
1514,002250,联化科技,2.875,2.1753,137.8699,-16724.8853,64.9337,35.0663
1515,002474,榕基软件,2.705,1.6028,49.711000000000006,707.7585,64.9275,35.0725
1516,000705,浙江震元,1.6688,1.1345,30.3059,-1144.0288,64.9109,35.0891
1517,300221,银禧科技,1.6875,1.2939,18.9202,542.8558,64.8697,35.1303
1518,600227,赤天化,1.1833,1.0251,39.5431,159.0292,64.8393,35.1607
1519,002434,万里扬,1.8041,1.4148,15.7704,1529.9036,64.8268,35.1732
1520,002361,神剑股份,2.0265,1.8004,67.7633,1189.3937,64.8158,35.1842
1521,603138,海量数据,3.4734,3.0498,183.3858,-2819.2088,64.7532,35.2468
1522,300075,数字政通,1.801,1.5148,25.625999999999998,-24878.7738,64.7268,35.2732
1523,300190,维尔利,2.6854,1.88,115.49,1106.4793,64.7186,35.2814
1524,002265,西仪股份,1.8223,1.2068,31.4694,1090.8371,64.7117,35.2883
1525,300471,厚普股份,1.8353,1.5430000000000001,40.9231,-4132.5346,64.6407,35.3593
1526,300047,天源迪科,2.5534,1.6391,16.4031,227.7818,64.6045,35.3955
1527,603505,金石资源,0.5717,0.4858,10.7081,841.0705,64.59899999999999,35.400999999999996
1528,300015,爱尔眼科,1.1382,0.9583,43.4831,8327.0553,64.5665,35.4335
1529,601126,四方股份,2.1773,1.7285,21.5085,321.784,64.5626,35.4374
1530,600429,三元股份,1.8832,1.5349,58.2539,1180.0998,64.5128,35.4872
1531,000876,新希望,0.9915,0.6408,37.8826,1331.8452,64.5122,35.4878
1532,000596,古井贡酒,1.671,1.1037,21.1634,-4389.7046,64.4957,35.5043
1533,601311,骆驼股份,3.2944,2.4354,53.0911,838.0083,64.4794,35.5206
1534,002800,天顺股份,2.6787,2.4945,43.3809,532.7175,64.4762,35.5238
1535,000895,双汇发展,0.9952,0.5243,38.1936,6124.9527,64.4699,35.5301
1536,002385,大北农,1.5014,1.0745,46.548,1053.6294,64.4375,35.5625
1537,002738,中矿资源,2.1007,1.6058,28.8657,1086.378,64.4317,35.5683
1538,603766,隆鑫通用,1.6216,1.4668,72.1682,1731.1544,64.4273,35.5727
1539,300398,飞凯材料,1.1691,0.9997,33.4049,632.5558,64.3881,35.6119
1540,300167,迪威迅,1.6276,1.2575,41.6227,114.1857,64.365,35.635
1541,300365,恒华科技,2.3368,2.0222,20.3818,1498.8570000000002,64.357,35.643
1542,300163,先锋新材,2.1712,1.3455,55.3557,90.6234,64.3392,35.6608
1543,603319,湘油泵,1.7131,1.3017,22.9368,925.6791,64.3227,35.6773
1544,300435,中泰股份,2.6565,2.2896,75.742,4629.1652,64.3046,35.6954
1545,600243,青海华鼎,2.031,1.1941,10.6024,373.6596,64.2957,35.7043
1546,600351,亚宝药业,1.2262,0.903,34.5972,647.6075,64.292,35.708
1547,002154,报喜鸟,1.4867,0.8006,20.4929,23.2046,64.2816,35.7184
1548,603600,永艺股份,1.7443,1.2281,53.5392,2044.2692,64.2627,35.7373
1549,600636,*ST爱富,1.4488,1.0744,45.3918,1510.9879999999998,64.2091,35.7909
1550,300716,国立科技,2.1123,1.6798,39.213,633.6902,64.1439,35.8561
1551,002256,兆新股份,1.3048,1.2559,93.5448,844.1349,64.1367,35.8633
1552,603010,万盛股份,1.6844,1.3121,48.0677,2333.1806,64.1148,35.8852
1553,002514,宝馨科技,1.5896,1.0973,26.0891,741.1771,64.0972,35.9028
1554,600676,交运股份,1.7890000000000001,1.3969,81.0673,1732.2675,64.0862,35.9138
1555,300160,秀强股份,1.3395,1.2209,36.5924,3741.2491,64.0726,35.9274
1556,300006,莱美药业,1.1947,0.7674,27.6993,396.0136,64.0626,35.9374
1557,600482,中国动力,2.589,2.0822,133.2052,2187.8014,64.0615,35.9385
1558,600237,铜峰电子,1.4188,1.1556,47.3895,195.0663,63.9908,36.0092
1559,002752,昇兴股份,1.188,0.8584,12.2294,1083.3824,63.9802,36.0198
1560,002545,东方铁塔,1.3622,0.8397,20.8884,441.8178,63.9789,36.0211
1561,300575,中旗股份,2.095,1.7424,99.5795,895.3973,63.8939,36.1061
1562,002443,金洲管道,2.0595,1.4418,25.3231,355.6825,63.8938,36.1062
1563,600814,杭州解百,1.4138,1.3838,87.0918,-12522.158000000001,63.8736,36.1264
1564,603661,恒林股份,1.7687,1.3888,49.1798,1203.691,63.8551,36.1449
1565,002295,精艺股份,2.2985,1.8978,42.2279,372.6802,63.8541,36.1459
1566,002259,升达林业,3.2104,3.1881,274.356,312.5666,63.8279,36.1721
1567,300281,金明精机,1.7824,0.9527,25.8011,689.1843,63.8265,36.1735
1568,603633,徕木股份,1.821,1.217,54.8577,480.7502,63.7914,36.2086
1569,601969,海南矿业,1.8695,1.6645,104.6832,339.4938,63.7638,36.2362
1570,603499,翔港科技,1.2690000000000001,1.0373,15.616,3723.9013,63.7634,36.2366
1571,000883,湖北能源,0.38799999999999996,0.3637,13.1274,962.0039999999999,63.7302,36.2698
1572,603889,新澳股份,1.5282,0.7156,32.1105,1976.7633,63.7201,36.2799
1573,002881,美格智能,2.4241,1.9086,94.01,1195.8845,63.7192,36.2808
1574,600126,杭钢股份,1.1251,0.9495,44.0087,1051.1629,63.6365,36.3635
1575,600255,梦舟股份,1.6282,1.124,42.093999999999994,149.4099,63.6104,36.3896
1576,002567,唐人神,1.0949,0.6315,28.9548,1413.1348,63.5827,36.4173
1577,600138,中青旅,1.0704,0.941,24.1853,2145.39,63.5792,36.4208
1578,600995,文山电力,0.7678,0.7544,69.8507,1888.1176,63.5604,36.4396
1579,000612,焦作万方,0.8079999999999999,0.376,19.5971,365.7732,63.5574,36.4426
1580,601113,华鼎股份,1.7703,1.6024,73.8219,394.3184,63.5411,36.4589
1581,600775,南京熊猫,2.0567,1.7593,61.3225,-3501.083,63.5203,36.4797
1582,601100,恒立液压,1.8579,1.3908,74.1858,748.7587,63.5193,36.4807
1583,601313,江南嘉捷,1.8593,1.5913,51.7689,-17840.9756,63.5062,36.4938
1584,600668,尖峰集团,1.0711,0.7403,15.8014,1670.6903,63.4816,36.5184
1585,002806,华锋股份,1.7359,1.339,17.3087,724.9419,63.4555,36.5445
1586,002523,天桥起重,2.0286,1.7158,10.5014,1135.037,63.4549,36.5451
1587,002432,九安医疗,2.5963,2.1618,168.6018,375.5555,63.3804,36.6196
1588,002405,四维图新,1.469,1.431,116.0494,-265.3274,63.375,36.625
1589,002891,中宠股份,1.6298,0.8521,29.2469,1199.9938,63.373000000000005,36.626999999999995
1590,002131,利欧股份,1.4042,1.3030000000000002,18.9752,1369.2218,63.3625,36.6375
1591,002686,亿利达,1.53,1.2231,27.8161,1652.8335,63.3614,36.6386
1592,000030,富奥股份,1.8226,1.6112,55.0736,-5805.7877,63.3177,36.6823
1593,002324,普利特,1.7736,1.4165,10.7475,741.6854,63.284,36.716
1594,002032,苏泊尔,2.2116,1.7302,18.8755,-53951.6623,63.2654,36.7346
1595,300618,寒锐钴业,2.5216,1.2125,41.7041,2877.1855,63.2589,36.7411
1596,300254,仟源医药,1.5236,1.2434,26.9172,483.7584,63.2542,36.7458
1597,300438,鹏辉能源,2.0879,1.6179,29.2953,1433.0393,63.2308,36.7692
1598,002472,双环传动,1.4773,0.9926,25.8979,1018.9294,63.2065,36.7935
1599,601700,风范股份,1.8187,1.2856,35.6473,592.5233,63.1946,36.8054
1600,002383,合众思壮,1.5076,1.2439,46.6823,425.3489,63.1881,36.8119
1601,300692,中环环保,1.2177,1.067,60.6569,746.8603,63.18,36.82
1602,601222,林洋能源,1.7423,1.597,82.8017,1092.8682,63.1466,36.8534
1603,002010,传化智联,1.7569,1.5161,63.2789,1558.1497,63.1384,36.8616
1604,603156,养元饮品,2.1198,1.8178,39.5773,-85397.2359,63.1322,36.8678
1605,002565,顺灏股份,1.4609,0.9567,24.8875,301.6367,63.1167,36.8833
1606,300512,中亚股份,2.2624,1.5375,25.9712,-4809.2431,63.1127,36.8873
1607,600290,华仪电气,2.0518,1.8213,33.5611,652.58,63.1112,36.8888
1608,002189,利达光电,2.0962,1.8476,68.9239,233.8985,63.1111,36.8889
1609,603118,共进股份,2.0081,1.7333,15.2961,7505.8494,63.0934,36.9066
1610,000026,飞亚达A,2.0509,0.6077,29.2946,529.6735,63.0631,36.9369
1611,002030,达安基因,2.6133,2.4330000000000003,109.7879,549.8727,63.0603,36.9397
1612,300040,九洲电气,2.1178,1.8106,29.5382,-5328.9869,63.0503,36.9497
1613,600634,富控互动,2.1753,2.1742,140.9426,296.3499,63.0475,36.9525
1614,002084,海鸥住工,1.8045,1.2716,55.5068,328.1213,63.0475,36.9525
1615,300257,开山股份,1.5883,1.1319,50.0216,595.6236,63.0331,36.9669
1616,000530,大冷股份,1.3091,1.0612,28.1602,3602.9185,62.9953,37.0047
1617,603955,大千生态,2.5167,1.915,78.8136,-3115.8115,62.9813,37.0187
1618,300695,兆丰股份,1.5336,1.3528,68.5952,2246.2659,62.9794,37.0206
1619,000735,罗牛山,2.3398,1.4715,91.6365,2948.8734,62.918,37.082
1620,300184,力源信息,1.5788,1.197,10.8143,2547.8272,62.9041,37.0959
1621,002925,盈趣科技,2.5554,2.1246,109.5883,2403.2272,62.8881,37.1119
1622,300303,聚飞光电,2.0796,1.9179,48.7092,2168.9357,62.8342,37.1658
1623,002654,万润科技,1.2477,1.119,28.1101,3755.2694,62.8004,37.1996
1624,002354,天神娱乐,0.857,0.8483,43.0293,1411.5382,62.7468,37.2532
1625,300157,恒泰艾普,1.4916,1.3096,39.4537,317.3202,62.7431,37.2569
1626,300003,乐普医疗,1.6026,1.3259999999999998,55.7813,1929.661,62.6945,37.3055
1627,002887,绿茵生态,2.568,1.7792,9.3551,-222581.6989,62.6793,37.3207
1628,300125,易世达,4.1823,3.5028,137.51,-30.3808,62.6425,37.3575
1629,600521,华海药业,1.9354,1.2468,34.1049,888.3457,62.623999999999995,37.376
1630,600023,浙能电力,1.5223,1.3171,91.6922,664.3326,62.5847,37.4153
1631,600662,强生控股,0.8646,0.5464,25.0174,622.5099,62.5787,37.4213
1632,300541,先进数通,2.5079,2.0531,47.1012,890.8051,62.5503,37.4497
1633,601339,百隆东方,2.327,1.2411,56.4721,467.3428,62.5485,37.4515
1634,300616,尚品宅配,1.952,1.7558,59.9595,-4438.2883,62.5281,37.4719
1635,002580,圣阳股份,2.9168,2.3254,41.0766,380.7326,62.5095,37.4905
1636,000821,京山轻机,1.9922,1.5977,66.9189,613.2959,62.5015,37.4985
1637,002164,宁波东力,1.1756,0.7315,6.7968,294.2633,62.4882,37.5118
1638,000565,渝三峡A,1.6588,1.4681,58.0574,671.2557,62.4854,37.5146
1639,601677,明泰铝业,1.5684,1.1093,32.2091,4078.9369,62.4852,37.5148
1640,601020,华钰矿业,2.7784,2.5343,94.9516,1274.4855,62.4797,37.5203
1641,002335,科华恒盛,1.6903,1.5002,63.4062,2398.8276,62.4364,37.5636
1642,300318,博晖创新,0.7304,0.1638,4.0003,443.0971,62.42,37.58
1643,300260,新莱应材,1.9235,0.8402,18.6404,486.5047,62.3854,37.6146
1644,603778,乾景园林,2.6354,1.2146,65.2133,-2679.7154,62.3708,37.6292
1645,603331,百达精工,1.8141,1.4389,76.6788,561.5579,62.3632,37.6368
1646,600371,万向德农,1.9415,1.5863,153.3091,-1087.2508,62.3555,37.6445
1647,601567,三星医疗,1.7544,1.5168,99.0552,12627.3885,62.2492,37.7508
1648,600373,中文传媒,1.9359,1.7482,73.5213,11749.469,62.2399,37.7601
1649,000533,万家乐,2.162,1.7745,29.4058,1350.7289,62.1832,37.8168
1650,600392,盛和资源,2.9844,1.5854,22.8746,475.5904,62.155,37.845
1651,002388,新亚制程,2.0777,1.915,97.7225,490.2868,62.138000000000005,37.861999999999995
1652,603101,汇嘉时代,0.513,0.4203,16.5976,955.3572,62.1239,37.8761
1653,002240,威华股份,1.172,0.46,10.6103,179.108,62.1238,37.8762
1654,600872,中炬高新,3.0793,1.7363,32.8949,1043.697,62.1219,37.8781
1655,000962,东方钽业,1.1755,0.7129,24.055999999999997,-323.17,62.1001,37.8999
1656,300449,汉邦高科,2.406,1.9925,40.7877,219.5736,62.0784,37.9216
1657,300517,海波重科,1.9875,1.4808,58.7221,-5884.6519,62.0687,37.9313
1658,300300,汉鼎宇佑,1.6834,1.2631,83.5984,2285.3719,62.0125,37.9875
1659,000708,大冶特钢,1.5081,1.11,17.3085,4172.4291,62.0084,37.9916
1660,002110,三钢闽光,1.328,1.0137,55.8716,4052.8451,61.9772,38.0228
1661,600611,大众交通,1.1594,0.8491,47.9472,1595.4696,61.9333,38.0667
1662,601002,晋亿实业,3.4164,1.3546,4.8171,881.1723,61.9252,38.0748
1663,300301,长方集团,1.3530000000000002,1.0723,38.3007,392.5848,61.9227,38.0773
1664,002093,国脉科技,2.4233,1.4789,45.3265,475.7536,61.9157,38.0843
1665,002915,中欣氟材,1.0528,0.7057,18.4387,851.7027,61.8847,38.1153
1666,000582,北部湾港,0.8688,0.8401,45.1221,567.2058,61.8142,38.1858
1667,600845,宝信软件,1.9889,1.6796,77.4575,-2892.9328,61.783,38.217
1668,000731,四川美丰,0.9741,0.7399,42.6818,600.5282,61.7744,38.2256
1669,600200,江苏吴中,1.6384,0.9489,42.4745,514.5765,61.7637,38.2363
1670,600195,中牧股份,3.1319,2.5212,30.6333,847.4187,61.7553,38.2447
1671,002919,名臣健康,2.1936,1.175,93.9751,-8674.6415,61.7415,38.2585
1672,600136,当代明诚,3.2469,1.7731,55.1093,198.482,61.7347,38.2653
1673,300011,鼎汉技术,1.5608,1.2237,16.3459,160.4433,61.7169,38.2831
1674,601018,宁波港,0.7539,0.7431,26.6336,1085.2743,61.7088,38.2912
1675,002040,南京港,1.528,1.5155,114.3767,367.9068,61.6831,38.3169
1676,002487,大金重工,2.3093,1.6217,37.3197,605.6907,61.668,38.332
1677,600313,农发种业,1.9146,1.5897,43.3852,-233.4215,61.6613,38.3387
1678,603730,岱美股份,2.4229,1.4518,40.4999,2679.949,61.6561,38.3439
1679,002457,青龙管业,1.6796,1.1318,28.6855,-778.9846,61.6132,38.3868
1680,600790,轻纺城,0.3455,0.3455,11.9515,-14182.2757,61.5878,38.4122
1681,600377,宁沪高速,0.5457,0.2205,6.2586,1297.0638,61.556999999999995,38.443000000000005
1682,002644,佛慈制药,6.3271,5.2037,110.2861,-161.0991,61.5519,38.4481
1683,000723,美锦能源,1.0686,0.7223,8.949,1617.4128,61.5353,38.4647
1684,300411,金盾股份,2.1467,2.0071,18.9073,1122.4421,61.5097,38.4903
1685,603636,南威软件,1.8671,1.3181,28.2925,-479.9026,61.4867,38.5133
1686,603388,元成股份,2.3667,0.7443,31.4224,1005.0853,61.4574,38.5426
1687,600833,第一医药,1.899,1.2223,73.3014,-660.6647,61.4008,38.5992
1688,600739,辽宁成大,0.5033,0.3999,11.7199,450.9805,61.3952,38.6048
1689,603166,福达股份,1.413,1.1329,31.7302,908.9644,61.3736,38.6264
1690,603050,科林电气,2.1547,1.6254,28.1817,-4925.4259,61.3508,38.6492
1691,600182,S佳通,2.187,1.2877,8.1557,602.8205,61.3192,38.6808
1692,002094,青岛金王,1.7111,1.1796,49.6218,1763.3877,61.3111,38.6889
1693,002614,奥佳华,2.0697,1.6242,32.3983,385.9883,61.2793,38.7207
1694,600717,天津港,1.2674,1.2424,82.5683,657.2889,61.2682,38.7318
1695,002733,雄韬股份,2.1031,1.7807,83.4359,564.0235,61.202,38.798
1696,002075,沙钢股份,1.3287,0.8586,16.5978,-14801.73,61.18600000000001,38.814
1697,300169,天晟新材,1.4177,0.9563,19.2413,153.4192,61.1656,38.8344
1698,000560,昆百大A,2.9083,2.0209,85.6224,178.895,61.1595,38.8405
1699,002281,光迅科技,2.3280000000000003,1.6178,36.7889,5000.7491,61.1512,38.8488
1700,002483,润邦股份,1.8087,0.7926,46.3283,715.9447,61.1508,38.8492
1701,300172,中电环保,2.1231,1.692,23.5863,14491.9508,61.133,38.867
1702,300032,金龙机电,1.5841,1.3016,72.1631,1441.7895,61.1228,38.8772
1703,600742,一汽富维,1.5042,1.213,37.3477,11410.4813,61.1023,38.8977
1704,002511,中顺洁柔,2.2327,1.5434,79.6288,923.7875,61.0749,38.9251
1705,600184,光电股份,1.9854,1.3681,44.086999999999996,-484.5211,61.0713,38.9287
1706,603683,晶华新材,1.4521,0.9481,50.4279,777.0139999999999,61.0708,38.9292
1707,002120,韵达股份,1.1941,1.1852,24.9658,-60007.7974,61.0658,38.9342
1708,300136,信维通信,1.8128,1.6035,62.1625,1727.2615,61.0585,38.9415
1709,300142,沃森生物,1.4509999999999998,1.3204,53.1426,-83.1032,60.9692,39.0308
1710,603315,福鞍股份,1.5923,0.9702,15.1137,260.2149,60.9413,39.0587
1711,000570,苏常柴A,1.6778,1.3396,53.4062,13811.6282,60.9322,39.0678
1712,600125,铁龙物流,2.0029,0.8981,37.8928,2032.2919,60.9309,39.0691
1713,600570,恒生电子,1.2979,1.2706,21.3225,-25944.1928,60.9307,39.0693
1714,002279,久其软件,1.9174,1.8572,120.5018,2661.5816,60.9269,39.0731
1715,000572,海马汽车,0.7915,0.5145,18.5448,-1009.7801,60.9208,39.0792
1716,600108,亚盛集团,1.8498,1.4395,63.0553,174.9518,60.9172,39.0828
1717,600175,美都能源,1.381,1.0107,62.3036,104.3331,60.8752,39.1248
1718,002067,景兴纸业,1.6676,1.3874,15.6686,702.345,60.8716,39.1284
1719,002885,京泉华,2.8789,2.4046,128.9031,834.4719,60.8655,39.1345
1720,300063,天龙集团,1.4694,1.2891,23.4329,701.6564,60.8146,39.1854
1721,600642,申能股份,0.8865,0.8275,62.4286,975.3484,60.8057,39.1943
1722,600249,两面针,1.0331,0.6092,20.837,-170.6148,60.7904,39.2096
1723,603726,朗迪集团,1.81,1.3166,19.0252,2149.1996,60.7673,39.2327
1724,300740,御家汇,2.6777,1.6059999999999999,81.2507,3771.1397,60.736000000000004,39.264
1725,000899,赣能股份,0.9702,0.8888,67.8213,342.1447,60.713,39.287
1726,002215,诺普信,1.5574,1.1778,41.5091,-11460.9781,60.6668,39.3332
1727,300686,智动力,1.3832,0.9709,47.4759,748.4814,60.6555,39.3445
1728,000711,京蓝科技,1.5418,0.8784,37.5312,922.1372,60.6467,39.3533
1729,002481,双塔食品,1.4496,1.0307,36.9356,355.7823,60.6212,39.3788
1730,002017,东信和平,2.0876,1.3215,76.9142,-1253.8862,60.6131,39.3869
1731,002373,千方科技,2.1671,1.6786,64.5179,10871.6979,60.6071,39.3929
1732,000407,胜利股份,1.344,1.0312,29.2161,615.3749,60.5909,39.4091
1733,002050,三花智控,2.0071,1.6043,51.6071,1537.1670000000001,60.5805,39.4195
1734,002103,广博股份,1.0066,0.7709,21.3167,1022.4207,60.5588,39.4412
1735,600757,长江传媒,2.1022,1.7971,24.4429,-286177.692,60.5542,39.4458
1736,601116,三江购物,1.3682,1.1033,98.4069,-707.0413,60.5523,39.4477
1737,300532,今天国际,2.4745,2.3371,66.6607,-1905.7613,60.5507,39.4493
1738,002178,延华智能,1.7784,0.9996,45.5667,-119.4931,60.5316,39.4684
1739,600327,大东方,1.3672,0.8618,60.1966,2136.9273,60.5192,39.4808
1740,002019,亿帆医药,0.9405,0.7859,28.2337,1673.5446,60.5173,39.4827
1741,300680,隆盛科技,1.6887,1.3512,72.6979,871.1028,60.5076,39.4924
1742,600433,冠豪高新,0.8987,0.6019,20.758000000000003,311.1869,60.4765,39.5235
1743,002740,爱迪尔,2.8016,1.5654,75.2138,1295.2963,60.4404,39.5596
1744,002488,金固股份,1.8441,1.5451,127.8254,-106.0252,60.4391,39.5609
1745,600723,首商股份,1.9318,1.7727,102.1951,3515.5162,60.4334,39.5666
1746,600809,山西汾酒,1.7133,1.1021,34.6015,-40826.0615,60.3997,39.6003
1747,002276,万马股份,2.5049,2.2421,64.9684,350.5051,60.3872,39.6128
1748,600426,华鲁恒升,0.6712,0.4914,23.5057,980.6453,60.3795,39.6205
1749,600343,航天动力,2.1964,1.6163,65.488,-782.132,60.361000000000004,39.639
1750,603929,亚翔集成,2.448,1.936,50.1155,-2867.5474,60.3579,39.6421
1751,601718,际华集团,2.9896,2.3417,129.9082,1054.2871,60.3442,39.6558
1752,600271,航天信息,2.8962,2.5835,117.1445,231410.6963,60.3182,39.6818
1753,601228,广州港,0.5445,0.5214,16.7866,560.0529,60.3124,39.6876
1754,600610,中毅达,2.3556,0.3517,9.1098,584.1057,60.3081,39.6919
1755,002358,森源电气,2.1456,1.8972,66.1632,1009.8245,60.2883,39.7117
1756,300128,锦富技术,1.4680000000000002,1.2098,29.0377,282.9481,60.2539,39.7461
1757,300381,溢多利,1.5505,0.754,16.529,214.5669,60.2513,39.7487
1758,600733,SST前锋,2.9589999999999996,0.8989,57.1702,-243.843,60.2463,39.7537
1759,600512,腾达建设,2.4421,1.0728,56.1889,2139.9202,60.2348,39.7652
1760,300198,纳川股份,1.9847,1.7169,54.7925,573.2054,60.2345,39.7655
1761,002445,中南文化,1.5366,1.1325,18.180999999999997,330.8778,60.2117,39.7883
1762,002728,特一药业,0.9728,0.539,21.7736,932.1619,60.2091,39.7909
1763,300664,鹏鹞环保,0.9147,0.8502,43.143,620.9335,60.203,39.797
1764,603536,惠发股份,1.2197,0.7633,46.9632,333.494,60.1827,39.8173
1765,000721,西安饮食,1.4013,1.3236,99.9391,118.1579,60.1225,39.8775
1766,300038,梅泰诺,0.8617,0.7106,28.3976,741.1788,60.1122,39.8878
1767,300721,怡达股份,1.5162,1.1499,34.2956,682.6847,60.1121,39.8879
1768,002394,联发股份,1.4165,1.0594,21.9338,474.7197,60.0842,39.9158
1769,601118,海南橡胶,1.0791,0.7088,35.5248,-75.3699,60.0773,39.9227
1770,300285,国瓷材料,1.2813,1.1007,62.1745,6403.8949,60.0736,39.9264
1771,300439,美康生物,1.514,1.1611,42.2775,1075.9007,60.0728,39.9272
1772,600702,舍得酒业,1.8656,0.3928,28.0942,66621.4208,60.0548,39.9452
1773,600593,大连圣亚,1.0546,1.0464,80.0938,233.3139,60.0546,39.9454
1774,300311,任子行,1.1102,0.9578,40.1491,-46476.1077,60.05,39.95
1775,300442,普丽盛,1.5219,0.8968,5.5489,299.5683,60.0461,39.9539
1776,002421,达实智能,1.8328,1.6898,44.5871,9764.8311,60.0271,39.9729
1777,002689,远大智能,1.8573,1.4758,33.6362,-6509.3246,60.0267,39.9733
1778,300737,科顺股份,1.8063,1.5825,32.1084,1440.1169,59.961999999999996,40.038000000000004
1779,300663,科蓝软件,2.4045,2.0406,71.5224,-383.0814,59.9537,40.0463
1780,603157,拉夏贝尔,1.5411,0.91,26.974,7800.8429,59.9311,40.0689
1781,002912,中新赛克,2.1044,1.6132,79.2483,-2772.1513,59.9295,40.0705
1782,601999,出版传媒,1.7898,1.3891,28.0303,-902.6378,59.9094,40.0906
1783,000969,安泰科技,1.419,0.9519,35.3467,198.7809,59.8913,40.1087
1784,000571,新大洲A,1.2099,1.1074,43.7512,296.3938,59.8779,40.1221
1785,002606,大连电瓷,1.8281,1.1458,13.2942,754.2057,59.8748,40.1252
1786,002359,北讯集团,1.4003,1.3018,86.7398,684.0296,59.8646,40.1354
1787,002831,裕同科技,2.3798,2.1646,76.9668,618.947,59.86,40.14
1788,002136,安纳达,0.9139,0.527,10.4958,1639.2,59.8069,40.1931
1789,600577,精达股份,1.7447,1.4026,28.8248,699.3237,59.7931,40.2069
1790,000564,供销大集,1.7288,1.1727,94.6365,503.4881,59.7482,40.2518
1791,002399,海普瑞,2.7656,2.4466,176.8025,92.9708,59.7475,40.2525
1792,601199,江南水务,2.8521,2.7648,144.8865,-2302.8448,59.7355,40.2645
1793,300097,智云股份,1.4961,0.907,16.8508,1626.7771,59.7286,40.2714
1794,603123,翠微股份,1.2246,1.1723,87.4503,4481.1919,59.6998,40.3002
1795,603289,泰瑞机器,1.923,1.3705,61.6072,1672.3898,59.6986,40.3014
1796,603963,大理药业,1.0709,0.4015,35.5079,5448.1042,59.6937,40.3063
1797,603855,华荣股份,1.8898,1.5591,64.6953,681.8064,59.6758,40.3242
1798,000850,华茂股份,0.757,0.4149,17.5832,110.9434,59.6612,40.3388
1799,300133,华策影视,2.2608,1.4631,29.9908,1227.4801,59.6579,40.3421
1800,300312,邦讯技术,2.1378,1.4041,7.0066,-71.6661,59.6568,40.3432
1801,600337,美克家居,1.7062,0.679,20.5507,720.1260000000001,59.638000000000005,40.361999999999995
1802,002770,科迪乳业,1.0490000000000002,0.9825,87.777,434.3388,59.6379,40.3621
1803,002454,松芝股份,1.854,1.5245,17.2678,13941.3325,59.5985,40.4015
1804,002463,沪电股份,1.4929,1.0607,31.9399,1666.6676,59.5863,40.4137
1805,002193,如意集团,2.0302,1.5985,87.3711,195.6968,59.5792,40.4208
1806,002100,天康生物,1.5019,1.0626,59.5991,1880.2789,59.5626,40.4374
1807,002513,蓝丰生化,0.8839,0.7607,39.0631,318.2365,59.553000000000004,40.446999999999996
1808,002516,旷达科技,1.3952,1.2319,32.596,497.6146,59.5411,40.4589
1809,300161,华中数控,2.1519,1.5603,53.4008,226.4989,59.5282,40.4718
1810,002730,电光科技,1.4291,1.1609,22.1551,581.987,59.5229,40.4771
1811,603316,诚邦股份,2.3684,1.3541,74.2299,869.7326,59.512,40.488
1812,600992,贵绳股份,1.9167,1.3994,89.6269,-391.76599999999996,59.4506,40.5494
1813,002288,超华科技,1.0811,0.6907,13.8311,266.7536,59.4359,40.5641
1814,002508,老板电器,2.0956,1.7185,102.9004,-1473.997,59.3761,40.6239
1815,600976,健民集团,1.8782,1.5862,29.0733,2717.3661,59.3455,40.6545
1816,600559,老白干酒,1.8433,0.8534,77.8326,-862.862,59.3404,40.6596
1817,603365,水星家纺,1.8342,0.5906,35.8173,3288.3855,59.3324,40.6676
1818,002892,科力尔,2.3531,1.5621,52.2826,1502.9212,59.3228,40.6772
1819,300681,英搏尔,2.3699,1.5979,13.0116,-46858.4212,59.3188,40.6812
1820,002464,众应互联,0.3366,0.3366,13.2223,272.3625,59.3025,40.6975
1821,600779,水井坊,1.7864,0.9526,86.1797,-2636.6731,59.2667,40.7333
1822,002429,兆驰股份,2.0292,1.6986,56.4135,5991.4569,59.2534,40.7466
1823,002636,金安国纪,1.7843,1.6891,25.7411,6392.0802,59.2435,40.7565
1824,002810,山东赫达,1.7033,1.2833,67.4363,718.2795,59.2077,40.7923
1825,603918,金桥信息,1.8674,1.4838,40.6608,687.0625,59.0796,40.9204
1826,002475,立讯精密,1.6363,1.278,50.9694,1084.6317,59.0639,40.9361
1827,002579,中京电子,1.178,0.9174,42.9418,488.6102,59.0379,40.9621
1828,603568,伟明环保,4.0562,3.7852,188.0041,1208.4389,59.0263,40.9737
1829,603069,海汽集团,1.0282,1.0095,49.9536,-6566.0792,59.0196,40.9804
1830,002064,华峰氨纶,1.2561,0.8587,14.182,1056.0,59.0178,40.9822
1831,300328,宜安科技,1.6513,1.2752,58.9744,338.9579,58.9545,41.0455
1832,002696,百洋股份,1.2164,0.8521,24.1686,226.642,58.9516,41.0484
1833,601179,中国西电,2.0571,1.7209999999999999,70.0398,1284.0031,58.9356,41.0644
1834,600986,科达股份,1.3761,1.046,34.009,-1563.9721,58.9334,41.0666
1835,600093,易见股份,2.9419,2.9356,7.4955,1592.5976,58.9162,41.0838
1836,603515,欧普照明,1.7983,1.5249,5.9107,23296.0439,58.9119,41.0881
1837,603042,华脉科技,2.0028,1.6937,54.1588,2492.0286,58.9011,41.0989
1838,000935,四川双马,0.5618,0.4898,24.7948,334.2714,58.8717,41.1283
1839,002344,海宁皮城,1.0666,0.7257,46.1279,1728.2364,58.8403,41.1597
1840,002206,海利得,1.2587,1.0175,33.5884,1352.6252,58.809,41.191
1841,002342,巨力索具,1.415,1.0379,23.4907,198.595,58.7991,41.2009
1842,603877,太平鸟,2.2502,1.3333,52.7201,1479.3769,58.7391,41.2609
1843,300666,江丰电子,2.0413,1.5401,112.2716,473.8025,58.7263,41.2737
1844,002239,奥特佳,1.4673,1.1289,27.2434,1042.113,58.7179,41.2821
1845,603337,杰克股份,1.9022,1.6357,68.5123,1453.2054,58.7166,41.2834
1846,002509,天广中茂,2.5599,1.0557,23.1805,956.6724,58.7026,41.2974
1847,002006,精功科技,1.6234,1.2544,43.8416,1188.2171,58.6905,41.3095
1848,603626,科森科技,1.3969,1.247,36.4847,591.9295,58.6698,41.3302
1849,002046,轴研科技,1.1798,0.7372,36.3591,60.2347,58.6675,41.3325
1850,002126,银轮股份,1.9284,1.5355,58.2789,1082.1073,58.6672,41.3328
1851,600486,扬农化工,1.5541,1.4195,60.2574,1172.2948,58.6324,41.3676
1852,603699,纽威股份,1.9424,1.2915,33.9911,1156.2282,58.6214,41.3786
1853,000610,西安旅游,1.443,0.8613,42.1748,-22.3617,58.5944,41.4056
1854,600288,大恒科技,1.6781,1.08,38.0134,-97.7939,58.5943,41.4057
1855,002345,潮宏基,3.4539999999999997,1.3366,42.9828,693.8784,58.5938,41.4062
1856,002403,爱仕达,1.5784,1.0928,31.8974,665.5298,58.586999999999996,41.413000000000004
1857,300124,汇川技术,2.0249,1.7431,40.0777,-3896.5258,58.5184,41.4816
1858,002249,大洋电机,1.3089,1.0414,31.0776,565.4006,58.5132,41.4868
1859,300367,东方网力,3.0216,2.8034,62.1562,431.9439,58.4698,41.5302
1860,002374,丽鹏股份,1.2391,0.6179,24.7634,-1214.9832,58.4621,41.5379
1861,300052,中青宝,6.8372,6.8372,267.6277,695.9361,58.4598,41.5402
1862,002415,海康威视,2.8211,2.4354,102.9782,5969.5469,58.3669,41.6331
1863,600017,日照港,0.5047,0.4898,19.9206,391.3903,58.3287,41.6713
1864,600018,上港集团,0.7045,0.5121,36.1273,1610.1671,58.3259,41.6741
1865,000099,中信海直,2.2041,1.786,68.5231,322.2619,58.3142,41.6858
1866,002397,梦洁股份,1.5756,0.9026,21.1316,1103.4825,58.2988,41.7012
1867,300733,西菱动力,1.1976,0.7515,14.130999999999998,591.8822,58.2877,41.7123
1868,600614,鹏起科技,1.5833,0.8763,48.803999999999995,574.0462,58.2468,41.7532
1869,600292,远达环保,1.0552,0.8853,15.0659,391.63300000000004,58.2447,41.7553
1870,600363,联创光电,1.3616,1.0289,32.5081,689.3981,58.2188,41.7812
1871,600866,星湖科技,1.207,0.8511,58.7081,-150.4899,58.2136,41.7864
1872,600649,城投控股,3.2152,0.9622,79.7785,2413.1066,58.2105,41.7895
1873,300337,银邦股份,1.3404,0.7445,9.5374,269.9296,58.1949,41.8051
1874,002245,澳洋顺昌,1.8876,1.494,18.7458,1132.5025,58.1775,41.8225
1875,601880,大连港,1.6486,1.5857,101.3947,217.1635,58.1704,41.8296
1876,603717,天域生态,2.6981,1.4,93.0004,468.0609,58.1345,41.8655
1877,002165,红宝丽,1.2153,0.9665,20.7809,482.8057,58.1276,41.8724
1878,603886,元祖股份,1.7303,1.6849,43.1338,-1785.4958,58.1059,41.8941
1879,601088,中国神华,0.9807,0.9074,55.1658,1856.204,58.073,41.927
1880,600261,阳光照明,1.8039,1.4657,68.2304,1241.9282,58.0609,41.9391
1881,300205,天喻信息,1.9737,1.4494,30.7671,2474.9439,58.055,41.945
1882,002401,中远海科,2.1457,1.7696,133.7655,-676.1159,58.0255,41.9745
1883,600728,佳都科技,1.9581,1.1266,26.9872,26482.6496,57.9988,42.0012
1884,002101,广东鸿图,1.1813,0.9274,29.4105,754.5102,57.9637,42.0363
1885,300021,大禹节水,2.1491,1.4347,39.9955,464.9144,57.9451,42.0549
1886,002712,思美传媒,1.1501,1.0536,24.6558,89103.6632,57.9155,42.0845
1887,000882,华联股份,4.3186,4.3104,326.9541,134.9551,57.893,42.107
1888,002552,宝鼎科技,0.8099,0.5491,27.5586,-91.6169,57.8927,42.1073
1889,300219,鸿利智汇,1.3706,1.0705,39.6359,3075.4349,57.8863,42.1137
1890,300279,和晶科技,1.3425,1.0198,27.2031,641.6015,57.8831,42.1169
1891,300069,金利华电,1.4738,1.0025,16.211,422.9556,57.8444,42.1556
1892,000751,锌业股份,1.5313,0.4832,8.2709,396.8704,57.7676,42.2324
1893,002723,金莱特,1.123,0.6127,25.3225,301.7792,57.7608,42.2392
1894,300654,世纪天鸿,1.8311,1.3527,65.8392,-1835.4514,57.7193,42.2807
1895,002479,富春环保,0.5899,0.5033,17.4008,1014.658,57.7136,42.2864
1896,000788,北大医药,2.0854,1.7139,48.1205,3138.4567,57.6748,42.3252
1897,601857,中国石油,0.7666,0.5188,21.5428,345.6656,57.6748,42.3252
1898,000978,桂林旅游,0.6012,0.4602,20.3384,219.9124,57.6394,42.3606
1899,000050,深天马A,1.1449,0.9453,35.577,583.0048,57.5873,42.4127
1900,600462,九有股份,1.81,1.6225,15.2533,212.7537,57.583,42.417
1901,000715,中兴商业,1.3791,1.3194,111.1861,-8553.9628,57.5716,42.4284
1902,603081,大丰实业,2.0041,1.4958,64.0461,-9458.6487,57.5538,42.4462
1903,000036,华联控股,2.1917,0.8306,62.6404,20283.3374,57.5399,42.4601
1904,601366,利群股份,0.935,0.5519,20.648000000000003,740.2799,57.5291,42.4709
1905,603611,诺力股份,1.5649,1.1066,37.8193,1049.9754,57.519,42.481
1906,002031,巨轮智能,2.8606,2.2880000000000003,44.3004,280.2962,57.4607,42.5393
1907,601519,*ST智慧,1.4757,1.4748,91.2245,7205.5167,57.4537,42.5463
1908,300536,农尚环境,2.3056,1.4753,90.7106,-2000.3423,57.4431,42.5569
1909,000068,华控赛格,1.4395,1.3992,112.9947,-78.4273,57.4382,42.5618
1910,601798,蓝科高新,1.5459,1.157,25.9489,138.8823,57.4099,42.5901
1911,300174,元力股份,0.7775,0.6191,25.4276,696.7705,57.3965,42.6035
1912,603609,禾丰牧业,1.2724,0.7702,39.4602,518.3822,57.3915,42.6085
1913,000757,浩物股份,2.0817,1.6,36.5006,2007.787,57.3914,42.6086
1914,002392,北京利尔,2.3982,2.0973,24.8593,535.2235,57.3826,42.6174
1915,300527,华舟应急,1.9676,1.5008,105.0564,6524.6125,57.3809,42.6191
1916,002641,永高股份,1.2471,0.7798,24.8446,1576.1307,57.3693,42.6307
1917,300336,新文化,4.0478,3.3355,167.9107,585.9944,57.3539,42.6461
1918,603366,日出东方,0.9613,0.7966,39.6671,914.5194,57.3443,42.6557
1919,300201,海伦哲,1.8103,1.3504,30.014,451.8721,57.3314,42.6686
1920,600033,福建高速,0.7274,0.7228,37.3284,649.9678,57.3305,42.6695
1921,600273,嘉化能源,0.7384,0.6197,12.137,3390.9144,57.33,42.67
1922,002390,信邦制药,1.2531,1.1124,39.0602,659.8294,57.3209,42.6791
1923,002537,海联金汇,1.6316,1.5293,40.5456,-1129.2376,57.29600000000001,42.70399999999999
1924,300299,富春股份,0.7233,0.7233,24.6504,1704.5858,57.2698,42.7302
1925,600460,士兰微,1.3288,0.9601,28.2501,381.67199999999997,57.2462,42.7538
1926,300088,长信科技,1.044,0.7518,25.4847,1320.8561,57.2457,42.7543
1927,000955,欣龙控股,2.0516,1.7769,76.1638,-211.5919,57.2185,42.7815
1928,300130,新国都,1.5389,1.1707,41.5613,371.0169,57.206,42.794
1929,603501,韦尔股份,1.9097,1.3955,39.966,404.918,57.19,42.81
1930,002841,视源股份,2.0047,1.2188,86.0361,-2488.7627,57.1576,42.8424
1931,002219,恒康医疗,1.4489,1.2335,5.3356,976.4012,57.1549,42.8451
1932,002663,普邦股份,1.7616,0.8126,24.324,609.3749,57.1251,42.8749
1933,002741,光华科技,1.6227,1.3572,64.0176,1283.9823,57.0343,42.9657
1934,002400,省广股份,1.9561,1.9555,27.6849,1292.7573,57.0311,42.9689
1935,002815,崇达技术,1.1548,0.9577,27.1731,1173.0451,56.9925,43.0075
1936,603181,皇马科技,1.1558,0.8789,12.3963,491.8516,56.9908,43.0092
1937,002436,兴森科技,1.1782,1.0022,23.5136,1018.5355,56.9872,43.0128
1938,000573,粤宏远A,3.2418,1.6408,121.3913,89700.3827,56.9805,43.0195
1939,600848,上海临港,2.6426,0.9721,62.0082,678.7373,56.9607,43.0393
1940,600861,北京城乡,1.7468,0.7053,59.7668,576.092,56.9565,43.0435
1941,600996,贵广网络,0.971,0.9031,53.7598,-2891.3077,56.8729,43.1271
1942,600028,中国石化,0.9389,0.5776,34.7792,3593.5609,56.8608,43.1392
1943,600660,福耀玻璃,1.3753,1.1053,67.3219,1164.0446,56.8501,43.1499
1944,600841,上柴股份,1.7762,1.6791,86.2597,-1062.2843,56.8423,43.1577
1945,002292,奥飞娱乐,0.9795,0.6436,29.9764,438.8468,56.8309,43.1691
1946,002217,合力泰,1.7983,1.3364,42.2606,936.5095,56.7805,43.2195
1947,300240,飞力达,1.6082,1.5692,68.7101,573.6893,56.7783,43.2217
1948,300389,艾比森,1.5621,1.2046,69.8295,337.6355,56.7702,43.2298
1949,002216,三全食品,1.2229,0.9145,37.8728,-6568.0168,56.7509,43.2491
1950,600483,福能股份,2.1908,2.0471,133.9463,387.3595,56.7356,43.2644
1951,601086,国芳集团,0.6604,0.5664,50.089,1882.7537,56.7255,43.2745
1952,002501,利源精制,0.4931,0.4358,34.9238,373.1299,56.7163,43.2837
1953,002184,海得控制,1.7806,1.3232,9.9539,189.4151,56.6809,43.3191
1954,300094,国联水产,2.2095,0.8802,7.9478,271.4474,56.641000000000005,43.358999999999995
1955,000558,莱茵体育,2.3441,0.9896,34.9927,171.7148,56.641000000000005,43.358999999999995
1956,600589,广东榕泰,2.1109,1.6603,93.6497,259.3981,56.6083,43.3917
1957,600331,宏达股份,0.9259999999999999,0.4297,34.2366,481.2385,56.5607,43.4393
1958,000426,兴业矿业,0.3423,0.2075,9.484,389.467,56.5222,43.4778
1959,601238,广汽集团,1.5125,1.3787,94.0756,5411.5676,56.5203,43.4797
1960,603881,数据港,3.1935,3.1935,226.8162,1074.729,56.5133,43.4867
1961,603668,天马科技,1.7237,0.9452,28.28,1524.1239,56.4921,43.5079
1962,000949,新乡化纤,1.6361,0.8782,41.8218,283.7335,56.4706,43.5294
1963,600855,航天长峰,1.9612,1.7402,70.0417,-493.5125,56.4639,43.5361
1964,300203,聚光科技,1.8812,1.4721,29.8513,584.0056,56.4156,43.5844
1965,002830,名雕股份,1.8279,1.7619999999999998,152.2285,-128.74200000000002,56.4151,43.5849
1966,001696,宗申动力,1.7209999999999999,1.5848,86.2239,590.0726,56.3889,43.6111
1967,002466,天齐锂业,1.4235,1.2819999999999998,69.8586,21198.672000000002,56.361999999999995,43.638000000000005
1968,603197,保隆科技,2.3181,1.8266,105.5056,2728.2967,56.3468,43.6532
1969,000429,粤高速A,1.7833,1.7830000000000001,169.7981,825.3665,56.3383,43.6617
1970,002378,章源钨业,1.0436,0.5637,15.8193,167.9544,56.3265,43.6735
1971,002620,瑞和股份,1.5336,1.4352,26.5682,1330.7281,56.3137,43.6863
1972,000010,美丽生态,1.6111,0.6006,30.671999999999997,-81.0602,56.3061,43.6939
1973,002073,软控股份,2.5131,1.8699,52.3781,271.6366,56.2858,43.7142
1974,002470,金正大,1.6372,1.1865,65.9716,-8739.0593,56.2315,43.7685
1975,300693,盛弘股份,2.2482,1.8386,53.9669,1640.704,56.2276,43.7724
1976,600520,文一科技,1.0739,0.7684,41.4352,40.0448,56.2028,43.7972
1977,600834,申通地铁,0.4371,0.4371,9.2991,463.8618,56.1991,43.8009
1978,600435,北方导航,1.5611,1.2102,23.8884,529.7369,56.195,43.805
1979,300334,津膜科技,1.8756,1.0025,17.0292,-47.9983,56.1918,43.8082
1980,002803,吉宏股份,1.1293,0.7855,19.9864,706.6019,56.1915,43.8085
1981,300185,通裕重工,1.32,0.8808,41.2384,271.4298,56.1772,43.8228
1982,002179,中航光电,1.9106,1.5975,43.0536,1725.8165,56.1443,43.8557
1983,601633,长城汽车,1.2779,1.0393,31.1525,4155.0737,56.0792,43.9208
1984,600575,皖江物流,1.0001,0.8422,31.0237,313.6517,56.0142,43.9858
1985,002616,长青集团,1.1331,0.8434,24.6386,782.9835,55.9681,44.0319
1986,002671,龙泉股份,1.23,0.9416,19.828,-127.6667,55.9376,44.0624
1987,600572,康恩贝,1.4646,1.1289,53.2141,1878.3056,55.9269,44.0731
1988,600896,览海投资,2.1358,1.2505,19.5825,-373.8453,55.9262,44.0738
1989,002688,金河生物,1.4387,0.9365,35.2588,453.5325,55.9234,44.0766
1990,000524,岭南控股,1.8317,1.8109,147.0633,974.7401,55.9001,44.0999
1991,603917,合力科技,1.6676,0.8389,11.2548,1729.9858,55.8972,44.1028
1992,600730,中国高科,13.7628,13.6174,841.5088,597.9013,55.8929,44.1071
1993,300434,金石东方,0.5292,0.442,29.7862,6553.2182,55.8737,44.1263
1994,600449,宁夏建材,1.0663,0.9682,43.5303,491.8682,55.8688,44.1312
1995,002590,万安科技,1.5448,1.2205,42.461000000000006,1351.1217,55.7846,44.2154
1996,600485,信威集团,3.5511,3.3787,190.2158,332.5846,55.7758,44.2242
1997,000060,中金岭南,1.3679,1.0281,64.1101,755.9804,55.7732,44.2268
1998,002156,通富微电,1.1998,0.8984,41.7473,236.8222,55.6845,44.3155
1999,002705,新宝股份,1.5267,1.2249,87.3693,1151.1698,55.6777,44.3223
2000,300275,梅安森,1.3666,1.1767,7.9838,426.5859,55.6572,44.3428
2001,601101,昊华能源,0.9648,0.8598,30.3159,520.0958,55.6502,44.3498
2002,600222,太龙药业,2.4423,2.0236,99.5439,113.1895,55.64,44.36
2003,600120,浙江东方,1.4187,1.0352,39.1154,1421.2829,55.6324,44.3676
2004,002785,万里石,1.7719999999999998,1.3015,17.7988,319.222,55.5922,44.4078
2005,002542,中化岩土,1.5448,0.8639,17.500999999999998,475.1932,55.5898,44.4102
2006,600230,沧州大化,0.9134,0.7857,16.1584,2870.2683,55.5854,44.4146
2007,300095,华伍股份,1.8149,1.3545,53.6339,491.3363,55.5723,44.4277
2008,002269,美邦服饰,1.3641,0.7267,33.4082,-78.9224,55.571999999999996,44.428000000000004
2009,600235,民丰特纸,1.2312,0.7746,15.582,144.9928,55.5454,44.4546
2010,600293,三峡新材,1.1283,0.9692,29.2525,537.2842,55.5335,44.4665
2011,603007,花王股份,1.6035,0.7681,29.7859,2210.2968,55.4997,44.5003
2012,002486,嘉麟杰,1.286,0.7182,16.8183,-98.9957,55.4802,44.5198
2013,000967,盈峰环境,1.7532,1.6103,33.3175,818.1412,55.4651,44.5349
2014,002548,金新农,0.9861,0.7762,41.3371,490.7057,55.4369,44.5631
2015,300210,森远股份,1.2186,0.9454,31.1735,329.8982,55.4196,44.5804
2016,600350,山东高速,1.8408,1.1608,78.4454,800.2779,55.4129,44.5871
2017,002760,凤形股份,2.2614,1.7338,29.8734,-361.95599999999996,55.4011,44.5989
2018,300057,万顺股份,1.0416,0.7190000000000001,18.8278,341.0919,55.3846,44.6154
2019,002659,凯文教育,0.7959,0.493,18.5373,-69.9311,55.3831,44.6169
2020,603039,泛微网络,1.921,1.9059,125.0275,-6754.0389,55.3019,44.6981
2021,603829,洛凯股份,1.4024,1.1584,25.8128,2909.7301,55.2255,44.7745
2022,601949,中国出版,2.1542,1.3702,38.9175,1047.6518,55.1966,44.8034
2023,300208,恒顺众昇,1.6488,0.8887,8.2412,3170.3511,55.1912,44.8088
2024,002339,积成电子,1.9435,1.5145,28.6141,72.0311,55.1624,44.8376
2025,002551,尚荣医疗,1.5467,1.3709,36.3473,1346.1656,55.1588,44.8412
2026,002676,顺威股份,1.4667,1.0838,20.998,242.6039,55.147,44.853
2027,603225,新凤鸣,1.0313,0.8408,25.2639,842.5821,55.1381,44.8619
2028,300572,安车检测,2.0543,1.619,66.1358,-1767.6055,55.1369,44.8631
2029,601011,宝泰隆,0.5778,0.255,7.7626,243.6584,55.1187,44.8813
2030,002241,歌尔股份,1.2598,0.9035,36.7257,520.1243,55.0653,44.9347
2031,002061,浙江交科,0.9595,0.8494,45.0059,487.1757,55.0412,44.9588
2032,601019,山东出版,2.1372,1.7308,106.0901,-9974.0582,55.0393,44.9607
2033,002197,证通电子,1.7546,1.5606,52.8274,412.4402,55.025,44.975
2034,600706,曲江文旅,1.2165,1.1415,23.1568,693.796,54.99,45.01
2035,002332,仙琚制药,1.6254,1.3946,56.5056,591.4761,54.9843,45.0157
2036,600503,华丽家族,1.643,0.3694,19.2392,612.641,54.9795,45.0205
2037,600111,北方稀土,2.2541,1.3913,89.5805,431.4453,54.9704,45.0296
2038,002697,红旗连锁,1.0769,0.4502,24.3261,1590.1424,54.9504,45.0496
2039,000598,兴蓉环境,0.7182,0.6451,42.6278,2313.7487,54.9162,45.0838
2040,603345,安井食品,1.3192,0.7615,46.7931,9601.0428,54.8999,45.1001
2041,600467,好当家,0.7336,0.3781,27.8311,197.7233,54.8957,45.1043
2042,000948,南天信息,1.5366,1.0176,32.369,-883.7563,54.8555,45.1445
2043,603008,喜临门,1.2526,0.9755,37.7264,851.8452,54.8483,45.1517
2044,300288,朗玛信息,1.3143,1.1225,27.2764,-53271.3642,54.8469,45.1531
2045,600720,祁连山,0.8641,0.6679,15.9397,410.5607,54.8465,45.1535
2046,300644,南京聚隆,1.6039,1.1996,21.5774,898.3899,54.8241,45.1759
2047,002910,庄园牧场,0.8705,0.7758,70.9107,1792.736,54.813,45.187
2048,002301,齐心集团,1.5195,1.3663,90.2328,1292.0235,54.7969,45.2031
2049,300073,当升科技,1.4896,1.1371,26.7427,1925.7481,54.7865,45.2135
2050,600277,亿利洁能,1.6412,1.5648,113.7761,216.1943,54.7724,45.2276
2051,002077,大港股份,1.2128,0.5879,19.7391,78.0066,54.7688,45.2312
2052,300048,合康新能,1.9101,1.3399,20.5707,773.4811,54.7507,45.2493
2053,000727,华东科技,0.8129,0.4673,8.8924,-18441.7739,54.7133,45.2867
2054,603507,振江股份,1.5862,1.0833,18.1089,1042.109,54.6887,45.3113
2055,600251,冠农股份,1.4569999999999999,0.9524,49.6355,381.4377,54.6834,45.3166
2056,600988,赤峰黄金,1.8173,1.0118,63.4939,392.4032,54.648999999999994,45.351000000000006
2057,603757,大元泵业,1.4954,0.9142,27.7664,2918.1248,54.6434,45.3566
2058,300123,亚光科技,1.1353,0.5942,11.1428,179.8716,54.605,45.395
2059,600211,西藏药业,2.086,1.9774,175.3679,279.3037,54.6023,45.3977
2060,000816,智慧农业,1.12,0.9815,64.0241,-159.2166,54.5643,45.4357
2061,600664,哈药股份,1.5894,1.3365,65.5342,-1679.5635,54.5616,45.4384
2062,600701,工大高新,1.1596,0.9644,13.2139,563.3075,54.5089,45.4911
2063,300110,华仁药业,1.1284,0.9524,13.8863,151.9966,54.4789,45.5211
2064,002531,天顺风能,1.8587,1.5876,36.1934,589.6064,54.4507,45.5493
2065,002693,双成药业,1.1938,0.6581,22.8334,-63.8314,54.4262,45.5738
2066,603321,梅轮电梯,1.4861,1.3129,24.9674,-5236.2254,54.4187,45.5813
2067,002543,万和电气,1.4997,1.1128,42.0345,2507.526,54.4039,45.5961
2068,000798,中水渔业,1.2104,0.8456,31.1447,113.3115,54.3944,45.6056
2069,300387,富邦股份,1.219,1.0641,54.5736,3476.8563,54.3884,45.6116
2070,600439,瑞贝卡,3.0386,0.7296,44.2136,272.3984,54.3623,45.6377
2071,603569,长久物流,1.9346,1.9342,69.7135,18500.0678,54.34,45.66
2072,601163,三角轮胎,1.9549,1.6603,72.1616,649.3392,54.3386,45.6614
2073,600719,大连热电,0.4379,0.4236,11.7035,-4043.3056,54.3295,45.6705
2074,600645,中源协和,0.5883,0.5371,20.8558,1127.0605,54.3129,45.6871
2075,603822,嘉澳环保,1.2329999999999999,0.6835,27.2665,301.9626,54.3083,45.6917
2076,600196,复星医药,1.4826,1.2895,92.7449,968.0257,54.271,45.729
2077,300030,阳普医疗,2.2427,1.9372,123.2822,233.4328,54.2657,45.7343
2078,600984,建设机械,1.0084,0.8951,14.2078,582.5448,54.248000000000005,45.751999999999995
2079,000062,深圳华强,1.4902,1.0545,43.7633,1131.7232,54.2476,45.7524
2080,000936,华西股份,1.3799,1.2617,50.2537,198.7338,54.2091,45.7909
2081,601882,海天精工,1.4318,0.7555,32.8752,1051.6364,54.1834,45.8166
2082,601231,环旭电子,1.8909,1.4964,72.3963,2263.4339999999997,54.1623,45.8377
2083,002596,海南瑞泽,2.5551,2.2398,24.6533,293.1313,54.1399,45.8601
2084,000790,泰合健康,1.3566,1.1904,32.5948,818.6915,54.1305,45.8695
2085,000561,烽火电子,1.9996,1.2830000000000001,29.1631,2814.4308,54.1298,45.8702
2086,300499,高澜股份,1.7527,1.371,49.7912,2232.6029,54.1253,45.8747
2087,000420,吉林化纤,0.6924,0.5302,20.244,336.7192,54.1132,45.8868
2088,601233,桐昆股份,0.9019,0.5725,20.2534,831.0456,54.0978,45.9022
2089,600386,北巴传媒,2.4287,2.068,130.1662,469.5937,54.0928,45.9072
2090,002615,哈尔斯,1.4486,0.7848,13.0929,888.0748,54.0442,45.9558
2091,600360,华微电子,1.6431,1.5148,104.9581,235.8405,54.0325,45.9675
2092,300591,万里马,1.7082,1.1614,53.4976,1844.0718,54.0111,45.9889
2093,002897,意华股份,1.3297,0.8151,13.6989,881.5728,54.0088,45.9912
2094,300497,富祥股份,1.6066,1.3965,82.2309,1348.514,54.0014,45.9986
2095,002236,大华股份,1.9296,1.5547,33.4296,2429.7591,53.997,46.003
2096,300418,昆仑万维,0.9163,0.9163,51.0308,1721.3907,53.9959,46.0041
2097,600183,生益科技,1.534,1.1324,14.1151,1621.3346,53.9893,46.0107
2098,603180,金牌厨柜,1.3953,1.1739,70.5915,-21868.892999999996,53.9702,46.0298
2099,600395,盘江股份,1.1386,1.1117,22.3732,1456.2278,53.9057,46.0943
2100,603912,佳力图,1.9395,0.9245,31.0359,-16643.5735,53.8874,46.1126
2101,600600,青岛啤酒,1.2536,1.1041,96.1316,-948.0189999999999,53.8585,46.1415
2102,002024,苏宁易购,1.3289,1.0926,44.6819,252.2366,53.8487,46.1513
2103,300145,中金环境,1.1029,0.9175,30.0375,796.9096,53.8137,46.1863
2104,603355,莱克电气,2.0199,1.7757,125.1836,605.4093,53.8024,46.1976
2105,002021,中捷资源,1.6680000000000001,1.3872,48.3406,-78.4855,53.8017,46.1983
2106,002329,皇氏集团,1.1588,0.9368,23.0932,323.1471,53.7956,46.2044
2107,600035,楚天高速,1.1016,0.9979,46.9096,539.534,53.7671,46.2329
2108,600596,新安股份,1.0486,0.7918,27.5256,678.2832,53.7576,46.2424
2109,600582,天地科技,2.1559,1.7245,35.2851,799.3484,53.7357,46.2643
2110,600168,武汉控股,0.9738,0.9725,21.5597,814.8152,53.7354,46.2646
2111,002170,芭田股份,0.6591,0.39,16.8189,130.7059,53.7353,46.2647
2112,300712,永福股份,1.5173,1.1732,43.0579,837.8201,53.7123,46.2877
2113,000965,天保基建,3.3927,1.278,104.6607,3064.5362,53.7021,46.2979
2114,000419,通程控股,1.111,0.9716,51.4658,-8965.3047,53.6733,46.3267
2115,603227,雪峰科技,1.7782,1.6479,90.5483,457.3743,53.6586,46.3414
2116,600218,全柴动力,1.5212,1.1945,10.1205,-1218.1005,53.6294,46.3706
2117,000963,华东医药,2.0396,1.5153,33.342,5364.4746,53.5906,46.4094
2118,603737,三棵树,1.0625,0.8225,12.4624,5057.1009,53.5783,46.4217
2119,600936,广西广电,0.6423,0.4597,17.1412,4673.2323,53.5299,46.4701
2120,000520,长航凤凰,2.2642,2.1938,84.8481,13962.3852,53.5291,46.4709
2121,002450,康得新,2.5026,2.4379,162.7003,758.8076,53.523999999999994,46.476000000000006
2122,600007,中国国贸,0.3653,0.3561,24.401999999999997,770.5924,53.5076,46.4924
2123,000543,皖能电力,0.4388,0.4074,17.855999999999998,1.3359999999999999,53.5008,46.4992
2124,000585,东北电气,2.3159,2.1698,34.4879,-3135.8081,53.4841,46.5159
2125,002145,中核钛白,0.9054,0.6921,26.2643,1154.1213,53.4287,46.5713
2126,601388,怡球资源,2.0014,1.327,43.1829,-1633.629,53.4135,46.5865
2127,600661,新南洋,1.3765,1.3188,73.9778,2349.5134,53.4029,46.5971
2128,002711,欧浦智网,1.5895,1.3434,14.9727,1538.0879,53.3718,46.6282
2129,000920,南方汇通,0.7425,0.5518,27.2476,1949.7999,53.3714,46.6286
2130,300723,一品红,4.1402,2.9346,67.2561,1166.66,53.3673,46.6327
2131,002922,伊戈尔,1.3319999999999999,0.9656,46.4737,858.8035,53.3533,46.6467
2132,600873,梅花生物,1.0135,0.8304,55.177,691.5207,53.3487,46.6513
2133,603527,众源新材,1.7124,1.2428,35.4058,889.551,53.303999999999995,46.696000000000005
2134,000898,鞍钢股份,0.7819,0.4422,6.3752,436.7568,53.2937,46.7063
2135,002220,天宝食品,7.4017,6.6865,189.3798,468.6069,53.2688,46.7312
2136,600764,中国海防,1.2866,1.1587,90.0601,-1862.592,53.2515,46.7485
2137,002355,兴民智通,1.3953,0.6768,21.9711,379.8521,53.2344,46.7656
2138,002655,共达电声,0.9461,0.5897,17.254,158.3323,53.226000000000006,46.773999999999994
2139,603126,中材节能,1.479,1.0778,46.8921,6025.5453,53.1732,46.8268
2140,600712,南宁百货,0.4832,0.3325,24.2662,-76.3351,53.1614,46.8386
2141,600075,新疆天业,0.7833,0.5065,7.1629,769.9355,53.1347,46.8653
2142,002267,陕天然气,0.5445,0.5175,20.8831,547.4732,53.1058,46.8942
2143,600792,云煤能源,1.0329,0.8039,9.9808,-118.5789,53.0997,46.9003
2144,300506,名家汇,1.6646,0.7161,13.3435,3406.4087,53.0905,46.9095
2145,300152,科融环境,1.6689,1.3288,13.3742,931.0593,53.0883,46.9117
2146,002586,围海股份,1.662,1.6312,31.7924,218.2209,53.0463,46.9537
2147,002624,完美世界,2.2261,1.99,54.1317,687.5114,52.9599,47.0401
2148,300739,明阳电路,1.2389,0.9541,32.3717,1786.8172,52.9419,47.0581
2149,300592,华凯创意,2.0705,1.0064,34.6128,580.0227,52.9256,47.0744
2150,000066,中国长城,1.7492,1.2367,46.6162,2284.7399,52.9147,47.0853
2151,600390,五矿资本,1.133,1.1022,51.157,2584.5428,52.9082,47.0918
2152,002284,亚太股份,1.2123,0.9344,22.6956,1397.0964,52.8952,47.1048
2153,600118,中国卫星,1.7739,1.4709999999999999,56.8001,-944.4529,52.8774,47.1226
2154,300232,洲明科技,1.6196,0.9892,49.8117,1760.6539,52.8636,47.1364
2155,600623,华谊集团,1.1387,0.8657,40.3183,364.2791,52.8441,47.1559
2156,002813,路畅科技,1.3711,0.9561,13.3947,1241.1469,52.831,47.169
2157,300027,华谊兄弟,1.6232,1.4084,85.8323,579.0981,52.755,47.245
2158,002449,国星光电,1.3429,1.0315,24.8526,1092.8919,52.7544,47.2456
2159,600116,三峡水利,0.9278,0.7726,45.7609,771.4254,52.7406,47.2594
2160,300619,金银河,1.9084,1.3284,68.4643,908.5176,52.718,47.282
2161,601225,陕西煤业,0.9271,0.8917,37.0142,6661.709,52.6633,47.3367
2162,000988,华工科技,1.5607,1.2338,30.5994,1085.2699,52.6227,47.3773
2163,600106,重庆路桥,10.4015,8.5359,657.6256,428.6691,52.6031,47.3969
2164,600644,乐山电力,0.6632,0.5567,29.6154,1232.9088,52.6027,47.3973
2165,000040,东旭蓝天,2.0263,1.4141,94.74,334.9258,52.5818,47.4182
2166,000716,黑芝麻,1.3211,1.0247,47.8435,230.4639,52.5603,47.4397
2167,300218,安利股份,0.9924,0.6528,44.2301,133.4487,52.5556,47.4444
2168,603871,嘉友国际,1.6623,0.9662,55.4305,15058.8043,52.528999999999996,47.471000000000004
2169,300231,银信科技,1.7861,1.724,37.3698,1601.019,52.5273,47.4727
2170,000917,电广传媒,1.4889,0.8744,30.142,280.2392,52.5252,47.4748
2171,600884,杉杉股份,1.4509,1.1665,48.9699,650.2912,52.5068,47.4932
2172,300187,永清环保,1.3047,0.8115,53.1866,-706.4896,52.5067,47.4933
2173,000534,万泽股份,1.9476,1.2937,80.2218,263.4463,52.5064,47.4936
2174,600278,东方创业,1.4648,1.3223,72.3998,1551.156,52.5054,47.4946
2175,603269,海鸥股份,1.7627,1.2069,48.3831,849.5353,52.4875,47.5125
2176,603357,设计总院,1.9102,1.9101,33.4508,-43508.9202,52.4865,47.5135
2177,600501,航天晨光,1.5887,1.2123,24.8871,108.4938,52.4836,47.5164
2178,002291,星期六,1.851,0.8156,18.1909,222.9243,52.4768,47.5232
2179,000690,宝新能源,4.1992,4.0452,352.621,355.9777,52.4766,47.5234
2180,300082,奥克股份,1.4977,1.3628,34.6092,425.8386,52.4626,47.5374
2181,600098,广州发展,0.9292,0.7257,10.5219,299.2708,52.4422,47.5578
2182,002035,华帝股份,1.51,1.3147,25.2028,-1980.8570000000002,52.4357,47.5643
2183,002714,牧原股份,1.0017,0.4134,26.1998,970.1098,52.4098,47.5902
2184,600456,宝钛股份,2.3945,1.2256,38.7757,21.1123,52.3991,47.6009
2185,300700,岱勒新材,1.8966,1.619,22.6967,811.3395,52.386,47.614
2186,002683,宏大爆破,1.7002,1.2293,23.2198,378.88699999999994,52.3439,47.6561
2187,002218,拓日新能,1.225,0.9609,13.036,330.4101,52.3417,47.6583
2188,300309,吉艾科技,1.584,1.4788,18.9241,240.4675,52.3346,47.6654
2189,600083,博信股份,1.6747,1.2461,23.4526,-5663.4716,52.3276,47.6724
2190,601900,南方传媒,1.2954,1.0707,54.9957,-6212.1058,52.3231,47.6769
2191,300405,科隆股份,1.4509,1.153,20.9198,207.9416,52.3046,47.6954
2192,600358,国旅联合,0.9975,0.9492,24.4013,-183.9197,52.2691,47.7309
2193,600967,内蒙一机,1.4942,1.351,78.7308,-596.4038,52.2435,47.7565
2194,600362,江西铜业,1.4365,1.0603,39.4526,1052.5035,52.227,47.773
2195,603618,杭电股份,1.7527,1.2039,27.6725,577.548,52.1797,47.8203
2196,300020,银江股份,1.5144,1.0208,31.998,734.6254,52.17100000000001,47.82899999999999
2197,600287,江苏舜天,1.2690000000000001,1.1303,31.6787,809.0264,52.1697,47.8303
2198,300363,博腾股份,0.8032,0.5042,29.3445,289.3115,52.1488,47.8512
2199,600879,航天电子,1.6787,0.9937,10.4159,449.8581,52.1412,47.8588
2200,600354,敦煌种业,1.8022,1.2508,61.5369,838.0225,52.1244,47.8756
2201,601636,旗滨集团,0.5182,0.3525,14.9919,947.0291,52.0854,47.9146
2202,300297,蓝盾股份,2.0713,2.0077,65.7953,392.4532,52.0744,47.9256
2203,300358,楚天科技,1.3286,0.7699,10.5895,1415.1086,52.0287,47.9713
2204,002160,常铝股份,1.0369,0.7314,18.8397,319.8542,51.9395,48.0605
2205,300252,金信诺,1.5085,1.3316,79.9148,717.0335,51.9356,48.0644
2206,603103,横店影视,0.8374,0.8003,16.8853,6260.3253,51.9296,48.0704
2207,002856,美芝股份,2.0005,1.7163,54.278999999999996,1119.0679,51.918,48.082
2208,600128,弘业股份,1.4287,1.2907,28.4215,168.9139,51.9145,48.0855
2209,600478,科力远,1.5741,1.3916,101.6755,-171.4021,51.9035,48.0965
2210,002264,新华都,1.0692,0.6352,19.1609,1084.4326,51.9005,48.0995
2211,603396,金辰股份,1.6740000000000002,0.8719,18.2084,1085.1138,51.8947,48.1053
2212,603779,威龙股份,1.3573,0.3798,12.6645,376.4872,51.8925,48.1075
2213,300070,碧水源,0.9387,0.8553,33.5003,670.2747,51.887,48.113
2214,002174,游族网络,1.083,1.083,45.6951,557.2985,51.8831,48.1169
2215,300729,乐歌股份,1.3274,0.8964,60.5831,432.2062,51.8292,48.1708
2216,600537,亿晶光电,1.547,1.3758,75.5526,665.1409,51.773,48.227
2217,600798,宁波海运,0.4326,0.3993,22.3248,234.0488,51.7472,48.2528
2218,000922,*ST佳电,1.5155,1.2041,18.2876,-1214.2809,51.747,48.253
2219,002271,东方雨虹,1.4352,1.2144,26.5262,1901.7941,51.7321,48.2679
2220,300568,星源材质,1.8893,1.8289,131.482,1088.2189,51.7261,48.2739
2221,000863,三湘印象,4.1069,0.406,16.8138,324.8952,51.7175,48.2825
2222,000400,许继电气,1.9931,1.5532,15.2393,1104.3881,51.7086,48.2914
2223,000789,万年青,0.9149,0.7497,24.6012,484.3825,51.6986,48.3014
2224,000551,创元科技,1.4081,0.9117,39.7417,1030.9787,51.6964,48.3036
2225,002313,日海通讯,1.7473,0.9572,26.5286,-1855.2909,51.6841,48.3159
2226,600859,王府井,1.1223,1.0158,87.8677,15258.7755,51.6734,48.3266
2227,002341,新纶科技,1.7653,1.5666,83.5828,266.4174,51.6677,48.3323
2228,002896,中大力德,1.0993,0.5942,12.5962,966.2347,51.646,48.354
2229,002132,恒星科技,1.2144,1.0679,17.0356,455.6679,51.6437,48.3563
2230,000910,大亚圣象,1.4198,0.8694,47.9393,793.9069999999999,51.6114,48.3886
2231,603359,东珠景观,1.7085,1.2068,46.6166,52026.8377,51.6033,48.3967
2232,600887,伊利股份,1.23,1.0271,88.2193,14467.991000000002,51.6007,48.3993
2233,002822,中装建设,1.9480000000000002,1.8803,65.763,534.073,51.5769,48.4231
2234,000514,渝开发,3.0978,0.9832,78.0614,260.1539,51.5485,48.4515
2235,000828,东莞控股,0.7866,0.7866,75.3768,-3019.8744,51.5251,48.4749
2236,300433,蓝思科技,0.8072,0.6031,21.9083,442.7004,51.4756,48.5244
2237,600172,黄河旋风,0.809,0.7081,16.236,337.7291,51.4419,48.5581
2238,300675,建科院,1.4395,1.4385,37.6975,342.1117,51.4161,48.5839
2239,002692,睿康股份,1.5919999999999999,1.2804,14.8245,313.3095,51.4104,48.5896
2240,000550,江铃汽车,1.3979,1.2279,90.8528,-410.5799,51.3867,48.6133
2241,600238,海南椰岛,2.0915,1.3218,63.1161,54.7902,51.3645,48.6355
2242,002496,辉丰股份,1.4172,1.0412,28.1802,1056.469,51.3432,48.6568
2243,300317,珈伟股份,1.6440000000000001,1.3403,34.1549,533.9381,51.324,48.676
2244,600406,国电南瑞,1.8197,1.5145,43.821999999999996,-2571.9885,51.281000000000006,48.718999999999994
2245,300566,激智科技,1.4851,1.2131,28.1825,672.9452,51.2759,48.7241
2246,300374,恒通科技,1.4461,1.1901,21.8501,565.2357,51.2689,48.7311
2247,600063,皖维高新,0.7611,0.5712,30.6228,261.8821,51.2472,48.7528
2248,300409,道氏技术,1.8661,1.3445,60.1863,1571.3571,51.236000000000004,48.763999999999996
2249,002775,文科园林,1.6165,0.9787,37.0904,1357.5111,51.2327,48.7673
2250,300730,科创信息,1.6936,1.0116,32.2888,-1025.5751,51.1964,48.8036
2251,600279,重庆港九,1.162,0.9319,29.3458,352.4047,51.153999999999996,48.846000000000004
2252,603108,润达医疗,1.3877,1.0027,21.3015,571.7486,51.1457,48.8543
2253,603055,台华新材,1.0949,0.6353,23.3976,1046.2943,51.1078,48.8922
2254,600626,申达股份,1.7973,1.53,58.6541,386.4693,51.0985,48.9015
2255,002149,西部材料,1.2599,0.7,26.2582,389.7163,51.073,48.927
2256,600438,通威股份,0.9,0.6581,15.5436,1264.0781,51.0692,48.9308
2257,000507,珠海港,1.0857,1.0188,42.3436,334.94300000000004,51.0541,48.9459
2258,601326,秦港股份,0.85,0.8007,62.9183,562.0897,51.0363,48.9637
2259,000782,美达股份,1.4485,1.0563,26.4194,172.1139,51.0133,48.9867
2260,002460,赣锋锂业,1.1179999999999999,0.745,13.5053,2516.5869,51.0125,48.9875
2261,300722,新余国科,2.0469,1.4557,15.7958,-27754.3816,50.994,49.006
2262,600505,西昌电力,0.5523,0.5013,20.1836,204.4032,50.9775,49.0225
2263,000657,中钨高新,1.4922,0.8748,24.0124,383.7887,50.9598,49.0402
2264,002491,通鼎互联,1.285,0.9839,28.9391,637.3882,50.8828,49.1172
2265,603686,龙马环卫,1.7662,1.4821,41.1788,-7242.3649,50.8579,49.1421
2266,603577,汇金通,1.7017,0.934,29.9665,268.4481,50.8537,49.1463
2267,300115,长盈精密,1.1933,0.6736,25.8833,1083.8044,50.8387,49.1613
2268,300732,设研院,1.7884,1.3747,33.2197,2941.1028,50.8098,49.1902
2269,600891,秋林集团,2.9404,1.321,31.5074,270.0451,50.7889,49.2111
2270,002266,浙富控股,0.867,0.5704,19.9214,370.7079,50.7784,49.2216
2271,000014,沙河股份,2.3708,0.3849,22.2591,539.2343,50.7535,49.2465
2272,601908,京运通,1.2834,1.1731,53.6049,359.0477,50.7414,49.2586
2273,300121,阳谷华泰,1.8909,1.558,20.2613,711.9299,50.6902,49.3098
2274,002739,万达电影,0.6522,0.6275,37.0237,1349.0807,50.681999999999995,49.318000000000005
2275,002527,新时达,1.351,0.9905,29.7327,857.4349,50.6412,49.3588
2276,300243,瑞丰高材,1.318,1.1192,20.9402,376.6676,50.5813,49.4187
2277,600284,浦东建设,2.3407,1.7679,99.79799999999999,5970.8769,50.563,49.437
2278,600518,康美药业,1.8359999999999999,1.2973,108.0663,729.1633,50.5573,49.4427
2279,601200,上海环境,1.0136,0.9646,40.9073,753.2969,50.5515,49.4485
2280,002289,宇顺电子,1.3161,1.1004,70.5743,-92.0384,50.5236,49.4764
2281,603117,万林股份,1.5351,1.5344,29.0882,305.3869,50.5148,49.4852
2282,002628,成都路桥,1.472,1.1147,47.4538,321.8276,50.5079,49.4921
2283,603477,振静股份,1.2615,0.4559,6.9026,496.5934,50.506,49.494
2284,300509,新美星,1.5456,0.8474,49.5486,3867.1349,50.4914,49.5086
2285,002225,濮耐股份,1.9669,1.4875,19.3314,276.8991,50.4911,49.5089
2286,000885,同力水泥,0.5723,0.4322,17.3158,1104.153,50.4737,49.5263
2287,600074,ST保千里,1.4143,1.196,30.5965,345.9038,50.4532,49.5468
2288,000622,恒立实业,2.2319999999999998,2.0723,174.084,922.9334,50.4024,49.5976
2289,600446,金证股份,1.4394,0.9403,38.0259,-369.189,50.3985,49.6015
2290,603619,中曼石油,1.2668,1.0382,34.3371,1591.855,50.3777,49.6223
2291,300083,劲胜智能,1.3742,0.6594,15.667,2716.4447,50.3763,49.6237
2292,300539,横河模具,1.1953,0.9093,56.7352,686.1767,50.3739,49.6261
2293,600481,双良节能,1.5483,1.3373,65.5816,188.8079,50.3587,49.6413
2294,300464,星徽精密,1.1295,0.7058,23.0066,442.2653,50.3438,49.6562
2295,600860,*ST京城,1.028,0.5849,9.6978,-304.9618,50.3293,49.6707
2296,002653,海思科,1.2781,1.1941,92.1549,4555.4634,50.3103,49.6897
2297,002190,成飞集成,1.9411,1.511,104.9095,475.8891,50.2979,49.7021
2298,601872,招商轮船,1.8911,1.8116,126.0051,831.3725,50.2944,49.7056
2299,000997,新大陆,1.4069,1.0876,23.6556,106103.4188,50.2435,49.7565
2300,002076,雪莱特,1.3803,1.1176,58.8594,187.1631,50.2403,49.7597
2301,002118,紫鑫药业,1.9229,0.9736,31.8928,260.4492,50.2367,49.7633
2302,300444,双杰电气,1.6309,1.3706,26.2846,584.1369,50.2315,49.7685
2303,600158,中体产业,1.9602,0.6485,30.1317,-587.6492,50.2084,49.7916
2304,603602,纵横通信,1.9813,0.9746,27.7206,2116.4068,50.1849,49.8151
2305,603901,永创智能,1.3882,0.6437,21.2325,724.3921,50.166000000000004,49.833999999999996
2306,000663,永安林业,1.2329999999999999,0.7777,24.2532,173.771,50.1575,49.8425
2307,002280,联络互动,1.4202,1.2059,43.988,178.5465,50.1397,49.8603
2308,000811,冰轮环境,1.3722,1.0835,39.5968,709.0223,50.1288,49.8712
2309,600624,复旦复华,1.4353,0.5745,36.0435,1208.9799,50.1263,49.8737
2310,600681,百川能源,1.4148,0.8052,44.2699,11867.4107,50.1229,49.8771
2311,300391,康跃科技,0.8897,0.6949,19.512999999999998,608.9517,50.1066,49.8934
2312,300520,科大国创,1.7921,1.7183,83.2532,484.1697,50.0971,49.9029
2313,000601,韶能股份,0.8901,0.747,23.2708,645.9978,50.0912,49.9088
2314,603368,柳州医药,1.8459999999999999,1.5349,29.9537,30832.9821,50.082,49.918
2315,603612,索通发展,1.1889,0.7569,21.7342,489.1438,50.0778,49.9222
2316,000931,中关村,1.7218,1.0769,35.8507,-51.2321,50.0723,49.9277
2317,002541,鸿路钢构,1.565,0.7962,28.8098,595.8032,50.0644,49.9356
2318,300273,和佳股份,4.8132,4.5965,267.8592,481.1255,50.0067,49.9933
2319,603595,东尼电子,1.4275,1.1534,20.3742,1143.368,50.0027,49.9973
2320,300465,高伟达,2.4573,2.1384,45.8479,120.0352,49.983999999999995,50.016000000000005
2321,600107,美尔雅,1.3831,0.6967,40.7839,63.5384,49.9411,50.0589
2322,300495,美尚生态,1.4337,1.0681,34.7541,671.8878,49.8997,50.1003
2323,002125,湘潭电化,0.8089,0.5164,13.9419,284.58099999999996,49.8728,50.1272
2324,600556,ST慧球,1.8382,1.8354,51.06,33943.6199,49.8641,50.1359
2325,300709,精研科技,0.919,0.7116,27.668000000000003,1204.7239,49.8585,50.1415
2326,000703,恒逸石化,0.7887,0.6646,23.8149,821.3745,49.827,50.173
2327,300261,雅本化学,1.1085,0.8268,11.0149,474.7273,49.8205,50.1795
2328,600071,凤凰光学,1.0717,0.8107,28.6751,-810.6567,49.8033,50.1967
2329,600220,江苏阳光,1.2459,0.8008,47.8594,178.6893,49.7845,50.2155
2330,300626,华瑞股份,1.3834,0.9262,32.4633,503.6713,49.7562,50.2438
2331,002175,东方网络,1.5301,1.3089,37.7931,361.9804,49.7312,50.2688
2332,002426,胜利精密,1.5098,1.258,51.7243,508.0468,49.7249,50.2751
2333,002510,天汽模,1.4423,0.8454,31.0079,767.4768,49.7096,50.2904
2334,002453,天马精化,0.9271,0.7404,25.9926,120.5908,49.6378,50.3622
2335,300385,雪浪环境,1.2283,0.9658,13.5814,909.5974,49.6228,50.3772
2336,000595,*ST宝实,1.4229,0.9598,15.0832,634.0751,49.5449,50.4551
2337,603787,新日股份,1.5572,1.4031,89.4337,-813.2192,49.5293,50.4707
2338,600246,万通地产,3.1471,1.1717,90.6286,239.1281,49.4826,50.5174
2339,000413,东旭光电,3.3169999999999997,2.9636,220.2062,375.2786,49.4816,50.5184
2340,000566,海南海药,2.1432,2.0068,119.2345,348.6538,49.4416,50.5584
2341,002042,华孚时尚,1.3197,0.8347,45.6236,989.4767,49.3878,50.6122
2342,300496,中科创达,1.4726,1.4452,106.7964,558.8473,49.3043,50.6957
2343,002811,亚泰国际,1.7918,1.764,33.5974,482.6061,49.2651,50.7349
2344,000887,中鼎股份,2.5535,1.9548,55.2762,1262.9981,49.233000000000004,50.766999999999996
2345,000584,哈工智能,1.6324,0.8993,39.2106,3519.7605,49.2121,50.7879
2346,002554,惠博普,1.3243,1.2354,54.1805,204.2347,49.1878,50.8122
2347,002352,顺丰控股,1.1408,1.1182,62.0161,1675.2598,49.1693,50.8307
2348,600022,山东钢铁,0.8405,0.7341,46.7638,322.6561,49.1445,50.8555
2349,300215,电科院,0.5047,0.5038,38.2777,422.8438,49.1313,50.8687
2350,000555,神州信息,1.3733,1.0861,17.6668,534.0535,49.131,50.869
2351,600819,耀皮玻璃,1.0288,0.7663,17.6554,185.8378,49.1178,50.8822
2352,601518,吉林高速,0.6616,0.6609,59.1558,298.3458,49.1164,50.8836
2353,002176,江特电机,1.1387,0.8843,13.5508,362.9759,49.0825,50.9175
2354,300340,科恒股份,1.2812,0.7555,19.2162,1782.9366,49.0791,50.9209
2355,600639,浦东金桥,0.9144,0.3177,19.7447,2004.9252,49.0627,50.9373
2356,600193,创兴资源,3.6634,3.6634,344.0447,84759.34199999999,49.0582,50.9418
2357,002637,赞宇科技,0.9548,0.509,10.982999999999999,175.4141,49.0529,50.9471
2358,600475,华光股份,1.2056,1.0124,32.1164,-5482.2013,49.0303,50.9697
2359,600476,湘邮科技,1.6596,1.2475,40.8707,154.5031,49.0228,50.9772
2360,600695,绿庭投资,1.5997,1.5997,48.2394,155.2186,48.9465,51.0535
2361,002758,华通医药,1.2787,0.9684,35.1861,1553.3049,48.9405,51.0595
2362,002524,光正集团,0.5660000000000001,0.4679,20.295,-95.6271,48.8869,51.1131
2363,002044,美年健康,1.0429,1.0266,49.6879,248.4798,48.8758,51.1242
2364,600178,东安动力,0.9701,0.8508,11.113,516.4969,48.8409,51.1591
2365,600590,泰豪科技,1.8427,1.4854,37.3026,274.7799,48.791000000000004,51.208999999999996
2366,300402,宝色股份,1.2653,0.7566,10.9979,122.1823,48.7888,51.2112
2367,002377,国创高新,1.8059,1.5885,36.8822,80.4211,48.7698,51.2302
2368,002027,分众传媒,1.6394,1.6394,111.0597,-2628.2235,48.7217,51.2783
2369,002768,国恩股份,1.3573,0.9741,15.4933,1003.4811,48.684,51.316
2370,002407,多氟多,1.6234,1.2166,55.2357,782.5863,48.6769,51.3231
2371,600515,海航基础,2.2099,0.9782,77.7395,293.5722,48.667,51.333
2372,300262,巴安水务,1.5998,0.9855,39.3238,1529.4861,48.6494,51.3506
2373,002765,蓝黛传动,1.8921,1.5315,46.6541,1428.2137,48.6381,51.3619
2374,002662,京威股份,1.1707,0.7469,20.9629,330.6037,48.5998,51.4002
2375,603399,吉翔股份,1.3322,0.7034,26.9436,386.6039,48.5941,51.4059
2376,000908,景峰医药,2.3214,2.0852,77.4523,338.3357,48.5328,51.4672
2377,600298,安琪酵母,0.9521,0.4978,12.9427,1377.4995,48.5251,51.4749
2378,603106,恒银金融,2.1265,1.2076,27.9043,2369.8112,48.5064,51.4936
2379,002091,江苏国泰,1.6269,1.4248,54.4665,1149.7231,48.4965,51.5035
2380,600269,赣粤高速,1.011,0.8255,69.8229,358.1639,48.4846,51.5154
2381,300080,易成新能,1.4034,0.9608,24.8605,-237.7951,48.4451,51.5549
2382,600917,重庆燃气,1.1502,1.1147,85.8909,-2863.1351,48.438,51.562
2383,000820,神雾节能,2.5037,2.4719,141.6199,-3439.8297,48.386,51.614
2384,000005,世纪星源,0.9177,0.4755,6.0527,37.0012,48.3558,51.6442
2385,002865,钧达股份,1.268,0.9643,27.069000000000003,1125.6344,48.3512,51.6488
2386,600203,福日电子,1.2594,0.8958,21.4626,441.1275,48.3456,51.6544
2387,000678,襄阳轴承,1.0257,0.6054,13.2312,201.9844,48.3239,51.6761
2388,300056,三维丝,1.2718,0.8798,37.0485,-701.5319,48.2939,51.7061
2389,600549,厦门钨业,1.3557,0.6941,18.3321,732.6935,48.2352,51.7648
2390,300096,易联众,1.4815,1.3348,40.0231,-650.5205,48.2208,51.7792
2391,300044,赛为智能,0.9649,0.5636,13.9346,503.73800000000006,48.211999999999996,51.788000000000004
2392,000513,丽珠集团,1.3848,1.2478,85.6684,256007.9852,48.1975,51.8025
2393,002052,同洲电子,1.4705,1.3639,57.0918,114.4591,48.1954,51.8046
2394,600272,开开实业,1.7126,1.3417,45.7411,479.1982,48.1381,51.8619
2395,601139,深圳燃气,0.5734,0.5257,36.2656,1466.5537,48.122,51.878
2396,600511,国药股份,1.7815,1.501,43.2402,1494.0433,48.0849,51.9151
2397,600655,豫园股份,0.9184,0.5509,28.1552,361.2794,48.0642,51.9358
2398,002299,圣农发展,0.4739,0.2241,13.3199,77.1255,48.0594,51.9406
2399,300344,太空板业,0.8136,0.479,6.8331,80.0573,48.0379,51.9621
2400,603179,新泉股份,1.4521,1.0939,21.5891,7608.6389,48.02,51.98
2401,603725,天安新材,1.054,0.687,10.2461,371.1704,48.0136,51.9864
2402,002777,久远银海,1.9879,1.2864,91.1503,-2917.2413,48.012,51.988
2403,603690,至纯科技,1.9234,1.4686,35.7097,650.8504,48.0052,51.9948
2404,000903,云内动力,1.64,1.2939,51.1128,1463.2235,47.9795,52.0205
2405,600525,长园集团,1.2318,1.006,18.2447,395.9569,47.9705,52.0295
2406,002371,北方华创,1.7484,1.0436,39.801,839.2995,47.9662,52.0338
2407,600420,现代制药,1.3044,0.922,33.3217,592.7701,47.9543,52.0457
2408,600612,老凤祥,1.7988,0.8841,72.3243,1262.7930000000001,47.9441,52.0559
2409,300601,康泰生物,1.5372,1.1931,16.9731,5109.4879,47.9252,52.0748
2410,600410,华胜天成,1.3356,1.1311,39.0208,441.291,47.8902,52.1098
2411,002147,新光圆成,2.3945,0.5483,17.6419,137.0398,47.8872,52.1128
2412,600963,岳阳林纸,1.2932,0.4808,17.919,178.0115,47.8772,52.1228
2413,603111,康尼机电,1.6458,1.3299,18.9091,1794.356,47.8057,52.1943
2414,002207,*ST准油,0.6973,0.6594,11.535,578.2916,47.758,52.242
2415,002672,东江环保,1.0532,0.94,40.7848,672.1788,47.7311,52.2689
2416,002909,集泰股份,1.2717,1.0365,23.9529,970.4627,47.7294,52.2706
2417,000158,常山北明,1.34,0.9708,19.7776,150.222,47.713,52.287
2418,600605,汇通能源,1.3236,1.3203,28.0133,188.4341,47.6738,52.3262
2419,600052,浙江广厦,1.6254,0.3854,11.2266,592.5319999999999,47.6687,52.3313
2420,603021,山东华鹏,0.6218,0.4746,19.3476,291.8499,47.6386,52.3614
2421,600769,祥龙电业,1.4096,1.3388,32.2278,-5138.1034,47.6342,52.3658
2422,000973,佛塑科技,1.2335,0.6866,30.9614,248.4427,47.6266,52.3734
2423,002008,大族激光,1.3443,0.9222,11.8377,1898.3371,47.6032,52.3968
2424,002096,南岭民爆,1.1596,1.0267,42.5122,206.5672,47.5955,52.4045
2425,600082,海泰发展,2.5693,0.2546,23.6574,50.2151,47.5856,52.4144
2426,002326,永太科技,0.9843,0.7212,32.9556,661.3736,47.5465,52.4535
2427,300241,瑞丰光电,1.3574,1.0843,24.5117,2261.5639,47.5209,52.4791
2428,600997,开滦股份,1.2424,1.0265,38.1942,250.7709,47.4961,52.5039
2429,000739,普洛药业,1.0408,0.7395,22.4087,482.5391,47.4581,52.5419
2430,002422,科伦药业,0.7967,0.6203,7.7978,252.6582,47.4352,52.5648
2431,603628,清源股份,1.4206,0.9194,25.9413,-15182.7466,47.4172,52.5828
2432,300313,天山生物,0.6246,0.4114,26.6485,136.356,47.3826,52.6174
2433,002593,日上集团,1.5542,0.8177,29.1013,245.1144,47.3679,52.6321
2434,002608,江苏国信,0.4392,0.4021,19.612000000000002,524.3698,47.3619,52.6381
2435,000801,四川九洲,1.7524,1.4607,37.7977,-27.4763,47.3217,52.6783
2436,600578,京能电力,0.4574,0.4166,27.4543,82.0817,47.3123,52.6877
2437,600097,开创国际,1.301,0.8091,42.364,9.9628,47.2996,52.7004
2438,601877,正泰电器,1.6319,1.4234,60.7882,853.4695,47.251999999999995,52.748000000000005
2439,002921,联诚精密,0.9725,0.5666,19.9681,503.4342,47.2304,52.7696
2440,600176,中国巨石,0.904,0.7604,21.5206,727.3910000000001,47.2297,52.7703
2441,002311,海大集团,1.1134,0.6292,14.039000000000001,1967.9694,47.1286,52.8714
2442,600731,湖南海利,1.0136,0.7233,22.2835,300.6358,47.1184,52.8816
2443,600622,光大嘉宝,1.6439,0.5338,40.1812,3387.7973,47.1127,52.8873
2444,300698,万马科技,1.4329,1.2007,27.2413,8834.7255,47.0989,52.9011
2445,000020,深华发A,1.1255,0.9801,18.4855,158.3984,47.0947,52.9053
2446,002670,国盛金控,1.9248,1.9248,93.2318,395.6229,47.0474,52.9526
2447,600687,刚泰控股,1.9566,0.9286,40.9749,341.4555,46.9939,53.0061
2448,000839,中信国安,0.9940000000000001,0.7555,47.2575,392.6235,46.9857,53.0143
2449,600862,中航高科,1.5062,0.9016,39.8391,-21001.3479,46.9833,53.0167
2450,300111,向日葵,1.0268,0.8009999999999999,23.0566,-62.0822,46.9749,53.0251
2451,600785,新华百货,0.8006,0.5283,24.5843,782.9739999999999,46.9459,53.0541
2452,002437,誉衡药业,0.7733,0.6545,47.2664,431.4147,46.9349,53.0651
2453,002913,奥士康,1.0276,0.8277,13.3044,1198.9403,46.9316,53.0684
2454,000012,南玻A,0.488,0.3926,14.1306,435.2539,46.9091,53.0909
2455,002423,中原特钢,0.8861,0.5968,20.7024,-187.0932,46.9069,53.0931
2456,600463,空港股份,1.3779,0.8083,31.3582,519.8383,46.8529,53.1471
2457,600415,小商品城,0.7988,0.335,12.1643,1403.8372,46.8149,53.1851
2458,002048,宁波华翔,1.114,0.7895,22.7194,1866.5612,46.763999999999996,53.236000000000004
2459,300274,阳光电源,1.7221,1.2434,17.8995,3951.889,46.7103,53.2897
2460,000905,厦门港务,1.1051,0.8606,17.3878,774.534,46.6818,53.3182
2461,600734,实达集团,1.2455,1.067,17.9749,298.5604,46.6776,53.3224
2462,002045,国光电器,1.2332,0.9038,13.703,374.1561,46.6556,53.3444
2463,002727,一心堂,1.8158,1.1342,47.4737,1007.5103,46.63,53.37
2464,002876,三利谱,2.2621,1.8434,112.5052,285.965,46.6227,53.3773
2465,000937,冀中能源,1.1382,1.0502,22.1944,367.4234,46.6191,53.3809
2466,300118,东方日升,1.5823,1.4059,66.3634,918.2605,46.6159,53.3841
2467,002350,北京科锐,1.5061,1.1669,26.0527,763.7749,46.6129,53.3871
2468,600827,百联股份,0.8338,0.7082,47.2516,-1284.2595,46.565,53.435
2469,603922,金鸿顺,1.1357,0.633,14.6571,521.0911,46.5278,53.4722
2470,600163,中闽能源,1.0597,1.0373,42.2096,418.3693,46.5263,53.4737
2471,601808,中海油服,1.4221,1.3211,49.2253,60.9705,46.5025,53.4975
2472,600618,氯碱化工,0.7209,0.6578,21.3747,882.1669,46.4988,53.5012
2473,000605,渤海股份,0.7186,0.6976,35.8222,273.8151,46.418,53.582
2474,000980,众泰汽车,1.0624,0.7984,26.3829,796.4042,46.4033,53.5967
2475,000666,经纬纺机,1.5357,1.4686,106.7964,674.3204,46.3973,53.6027
2476,002277,友阿股份,1.4384,0.6437,42.7779,8376.4129,46.3809,53.6191
2477,000800,一汽轿车,1.0552,0.7107,4.5385,2934.3034,46.3622,53.6378
2478,600698,湖南天雁,1.6488,1.4038,64.8533,330.3807,46.3545,53.6455
2479,000525,红太阳,0.9964,0.7055,31.6461,634.476,46.3259,53.6741
2480,600143,金发科技,1.6277,1.148,18.2645,285.3074,46.3056,53.6944
2481,002607,亚夏汽车,0.9998,0.5455,28.5121,347.7866,46.2949,53.7051
2482,600971,恒源煤电,1.2807,1.2074,70.2758,838.3293,46.2696,53.7304
2483,300415,伊之密,1.2329999999999999,0.6239,6.7212,3144.5384,46.2476,53.7524
2484,601828,美凯龙,0.6677,0.6638,48.3278,629.4755,46.2425,53.7575
2485,600528,中铁工业,1.4538,1.0551,50.1317,2191.7055,46.2081,53.7919
2486,300708,聚灿光电,1.2183,1.069,28.1499,2052.5263,46.152,53.848
2487,603703,盛洋科技,1.3766,0.9881,46.141999999999996,319.34,46.1477,53.8523
2488,000881,中广核技,1.5708,1.3293,32.9806,336.0268,46.1118,53.8882
2489,000683,远兴能源,0.5545,0.5336,38.0338,352.1746,46.1085,53.8915
2490,002009,天奇股份,1.2983,1.067,36.5717,544.587,46.0936,53.9064
2491,600192,长城电工,1.4778,0.968,16.6264,179.606,46.083999999999996,53.916000000000004
2492,600316,洪都航空,1.6784,0.6659999999999999,13.31,-63.4064,46.0827,53.9173
2493,600312,平高电气,1.4494,1.0769,11.3069,1744.0135,46.0397,53.9603
2494,000531,穗恒运A,0.7484,0.5887,45.9773,339.4435,46.0038,53.9962
2495,002547,春兴精工,1.0079,0.757,24.2426,220.4679,46.0033,53.9967
2496,000056,皇庭国际,1.9996,1.9432,41.9811,219.1371,46.0,54.0
2497,002119,康强电子,1.063,0.7425,15.519,381.892,45.9577,54.0423
2498,600499,科达洁能,1.1897,0.8508,33.8769,800.3012,45.9435,54.0565
2499,300407,凯发电气,2.6608,1.6936,89.5669,-68.3031,45.9369,54.0631
2500,603299,井神股份,0.6877,0.4793,17.9048,289.092,45.9253,54.0747
2501,002480,新筑股份,1.535,1.1088,51.8651,-54.7647,45.8794,54.1206
2502,300104,乐视网,1.4233,1.3089,23.7073,-292.7207,45.8603,54.1397
2503,000425,徐工机械,1.5543,1.1897,20.9902,430.0533,45.8578,54.1422
2504,002707,众信旅游,1.2412,1.2403,38.9817,-2909.6145,45.8476,54.1524
2505,600461,洪城水业,0.6874,0.6195,33.4936,565.3473,45.833,54.167
2506,600787,中储股份,1.8693,1.0603,33.9392,543.3358,45.8259,54.1741
2507,002570,贝因美,1.1509,0.8739,25.0179,-771.5882,45.8179,54.1821
2508,002648,卫星石化,0.8318,0.7095,18.4577,616.814,45.8079,54.1921
2509,300265,通光线缆,1.3738,1.1688,14.0994,364.1407,45.7826,54.2174
2510,600536,中国软件,1.7507,1.3129,51.9551,-4012.1839,45.7762,54.2238
2511,603659,璞泰来,1.9423,1.1167,40.1767,3174.9202,45.766000000000005,54.233999999999995
2512,000733,振华科技,1.9380000000000002,1.4974,29.8608,459.0087,45.7653,54.2347
2513,002717,岭南园林,1.4681,0.7985,19.773,3459.6854,45.7197,54.2803
2514,002316,键桥通讯,1.4323,1.3502,66.7932,-222.73,45.7007,54.2993
2515,002083,孚日股份,1.1534,0.4397,16.0714,487.7628,45.6827,54.3173
2516,603378,亚士创能,1.4584,1.2151,11.2118,3404465.0763,45.6768,54.3232
2517,600308,华泰股份,0.9911,0.8105,32.8638,317.4305,45.629,54.371
2518,603936,博敏电子,0.9228,0.6734,9.3554,533.5681,45.6038,54.3962
2519,600604,市北高新,1.5467,0.4421,35.917,343.3807,45.5959,54.4041
2520,002411,必康股份,2.1333,2.0397,94.9394,585.3019,45.5711,54.4289
2521,002902,铭普光磁,1.4274,0.9737,12.4371,1167.7632,45.5646,54.4354
2522,000809,*ST新城,4.2223,0.4014,9.2891,-54.4412,45.5635,54.4365
2523,601599,鹿港文化,1.3029,0.8518,17.3283,307.9787,45.5494,54.4506
2524,600019,宝钢股份,0.875,0.5911,12.0316,527.8579,45.5348,54.4652
2525,600882,广泽股份,0.9822,0.882,76.7592,34.9656,45.5317,54.4683
2526,002452,长高集团,2.0382,1.2855,46.7373,1218.496,45.5267,54.4733
2527,002627,宜昌交运,0.8947,0.6904,31.4139,466.7124,45.5147,54.4853
2528,002781,奇信股份,1.7372,1.6538,36.5597,418.3616,45.5115,54.4885
2529,300007,汉威科技,1.5238,1.2442,53.2983,624.2072,45.4721,54.5279
2530,600552,凯盛科技,1.4121,0.9215,23.3654,251.7194,45.4536,54.5464
2531,000700,模塑科技,1.0174,0.8781,51.4951,398.7372,45.4364,54.5636
2532,002130,沃尔核材,1.2347,0.9743,29.6088,197.3364,45.3953,54.6047
2533,600588,用友网络,1.0227,1.0171,43.0624,65.3129,45.3634,54.6366
2534,600073,上海梅林,1.3711,1.0504,57.1952,802.6769,45.3554,54.6446
2535,600148,长春一东,1.7378,1.4565,19.3516,-242934.0064,45.3406,54.6594
2536,002583,海能达,1.3726,0.9268,15.7942,134.9391,45.3309,54.6691
2537,600560,金自天正,1.506,0.7704,8.2802,-4169.3731,45.3209,54.6791
2538,000639,西王食品,0.9222,0.4076,9.8017,350.7667,45.3174,54.6826
2539,000151,中成股份,1.5118,1.3997,100.491,618.9081,45.3114,54.6886
2540,000506,中润资源,1.2184,0.7863,6.7579,-293.1759,45.2615,54.7385
2541,600978,宜华生活,1.7382,1.2396,82.5823,447.7533,45.2484,54.7516
2542,300493,润欣科技,1.7649,1.0921,30.3365,678.1122,45.2435,54.7565
2543,300335,迪森股份,0.9741,0.8315,32.8436,1092.9251,45.2307,54.7693
2544,300677,英科医疗,0.8581,0.6337,22.9236,652.1615,45.2292,54.7708
2545,603895,天永智能,1.7392,1.1038,21.5772,-8524.0411,45.2151,54.7849
2546,600874,创业环保,1.2705,1.264,48.7061,792.0111,45.2097,54.7903
2547,600026,中远海能,1.1865,1.1185,81.4723,403.4516,45.1822,54.8178
2548,000600,建投能源,0.6005,0.5642,21.0549,319.6433,45.13,54.87
2549,300062,中能电气,1.767,1.5328,75.6793,210.4276,45.12,54.88
2550,603588,高能环境,0.8901,0.2647,2.0443,342.9356,45.1167,54.8833
2551,600380,健康元,1.4401,1.2949,86.7538,1317.6173,45.0816,54.9184
2552,000559,万向钱潮,1.2794,0.9621,28.7031,1143.363,45.0663,54.9337
2553,603616,韩建河山,1.3423,1.0075,18.2574,-137.2816,44.9741,55.0259
2554,600895,张江高科,1.8378,0.6203,39.4589,359.5237,44.9709,55.0291
2555,000011,深物业A,1.5634,0.7779,71.9538,-2534.4576,44.9167,55.0833
2556,600638,新黄浦,2.7194,1.4359,114.0069,803.0312,44.8704,55.1296
2557,300131,英唐智控,1.3718,0.9341,14.8042,445.4863,44.8659,55.1341
2558,600586,金晶科技,0.5326,0.3892,22.9122,242.1902,44.8599,55.1401
2559,601015,陕西黑猫,0.8611,0.7513,29.9964,304.2716,44.8426,55.1574
2560,603959,百利科技,1.7044,1.3853,24.8326,312.5945,44.8381,55.1619
2561,600403,*ST大有,0.738,0.6717,36.1087,347.0347,44.8176,55.1824
2562,603308,应流股份,0.8371,0.4815,15.0134,205.446,44.8152,55.1848
2563,000403,ST生化,0.9887,0.4285,19.3266,536.2738,44.7998,55.2002
2564,000417,合肥百货,1.0162,0.7506,57.6484,3603.3659,44.7502,55.2498
2565,002157,正邦科技,1.2054,0.5499,34.6214,323.6916,44.75,55.25
2566,600635,大众公用,0.6214,0.5771,48.8701,385.0067,44.7376,55.2624
2567,000153,丰原药业,1.0065,0.7583,13.8699,515.1164,44.7281,55.2719
2568,002623,亚玛顿,0.9397,0.8786,43.5523,116.0277,44.7197,55.2803
2569,300332,天壕环境,0.5841,0.4512,15.3762,170.1389,44.6896,55.3104
2570,600983,惠而浦,1.3511,1.1004,54.7798,-192.5484,44.6541,55.3459
2571,300156,神雾环保,2.2564,1.6074,76.7985,1068.6929,44.6332,55.3668
2572,002205,国统股份,0.8987,0.7419,11.5322,39.7617,44.6279,55.3721
2573,601177,杭齿前进,1.1927,0.623,15.1252,133.7244,44.6229,55.3771
2574,000586,汇源通信,1.6226,1.306,40.9823,-251.5301,44.5479,55.4521
2575,600262,北方股份,1.4747,0.9124,27.3356,389.7389,44.5048,55.4952
2576,603322,超讯通信,1.7291,1.6979,29.3442,-143.5394,44.4862,55.5138
2577,000756,新华制药,1.0328,0.7555,31.9128,508.48699999999997,44.4411,55.5589
2578,002319,乐通股份,0.5709,0.449,8.8491,155.1264,44.4375,55.5625
2579,600326,西藏天路,1.37,1.1892,50.8505,1611.5053,44.4176,55.5824
2580,300457,赢合科技,1.2257,0.7904,6.3533,1541.815,44.4139,55.5861
2581,600831,广电网络,0.6642,0.6191,27.5916,565.7333,44.3538,55.6462
2582,002274,华昌化工,0.4931,0.3367,13.1348,193.5295,44.3526,55.6474
2583,600480,凌云股份,1.1733,0.8917,19.4287,899.3133,44.2696,55.7304
2584,000837,秦川机床,1.4394,0.909,35.5482,166.6187,44.2315,55.7685
2585,002285,世联行,1.4875,1.4875,50.6361,1500.3757,44.229,55.771
2586,603018,中设集团,1.4433,1.2267,14.5668,4306.5175,44.2194,55.7806
2587,600535,天士力,1.2703,1.0823,12.2899,800.8171,44.2123,55.7877
2588,000528,柳工,1.5190000000000001,1.1564,64.1397,1523.9595,44.1934,55.8066
2589,002617,露笑科技,1.0377,0.9059,23.1568,1676.1816,44.1836,55.8164
2590,000698,沈阳化工,0.885,0.7953,36.3934,299.2254,44.1715,55.8285
2591,600131,岷江水电,0.4078,0.406,32.0004,290.1821,44.1711,55.8289
2592,300090,盛运环保,1.8085,1.4806,67.7996,156.0004,44.1671,55.8329
2593,600162,香江控股,1.5896,0.6582,50.3987,1124.2796,44.1622,55.8378
2594,002911,佛燃股份,0.5315,0.4991,28.1216,1522.5139,44.161,55.839
2595,002251,步步高,0.6858,0.4916,22.8553,814.3079,44.117,55.883
2596,300697,电工合金,1.5033,1.1221,31.201,488.1806,44.0878,55.9122
2597,300589,江龙船艇,1.1744,0.8492,41.2388,2406.986,44.0809,55.9191
2598,300469,信息发展,1.6896,1.1868,33.0568,-192.9605,44.0656,55.9344
2599,600699,均胜电子,1.504,1.1308,34.8788,496.7176,44.0331,55.9669
2600,000952,广济药业,0.5335,0.3453,9.0378,514.945,44.0316,55.9684
2601,600428,中远海特,0.7523,0.7062,31.0095,171.3293,44.005,55.995
2602,300147,香雪制药,0.8622,0.7245,23.01,234.6304,43.9648,56.0352
2603,300370,安控科技,1.7317,1.2934,49.20399999999999,40.2582,43.9621,56.0379
2604,600151,航天机电,1.093,0.9122,30.7841,-175.05599999999998,43.9295,56.0705
2605,002228,合兴包装,1.1325,0.7919,12.3086,596.3726,43.8985,56.1015
2606,600850,华东电脑,1.7156,0.8691,20.3637,4081.6434,43.7313,56.2687
2607,300283,温州宏丰,1.1213,0.4428,1.9404,179.9265,43.7192,56.2808
2608,600979,广安爱众,1.0354,0.9452,61.6811,612.307,43.6877,56.3123
2609,002059,云南旅游,1.2171,0.456,23.4771,245.7886,43.6628,56.3372
2610,601226,华电重工,1.5331,0.9901,20.2859,-8105.5818,43.6301,56.3699
2611,002013,中航机电,1.3587,0.9924,16.2332,324.8335,43.6249,56.3751
2612,600127,金健米业,1.0689,0.5457,18.1017,204.13299999999998,43.6213,56.3787
2613,300588,熙菱信息,1.7077,1.3157,25.9846,-1158.7869,43.582,56.418
2614,000993,闽东电力,0.9041,0.4097,15.077,312.43,43.5752,56.4248
2615,601008,连云港,0.3257,0.3141,11.5248,100.1491,43.562,56.438
2616,002489,浙江永强,1.6429,1.4524,108.67,425.3399,43.5232,56.4768
2617,601966,玲珑轮胎,0.8743,0.6345,21.9316,379.2409,43.5199,56.4801
2618,002051,中工国际,1.5486,1.2325,61.3593,381.8556,43.5179,56.4821
2619,601038,一拖股份,1.0099,0.8497,35.3489,451.0563,43.5005,56.4995
2620,603178,圣龙股份,1.1145,0.8719,21.8575,415.0383,43.4536,56.5464
2621,600393,粤泰股份,3.0823,0.9895,13.0386,1176.0773,43.4391,56.5609
2622,002716,金贵银业,2.5911,1.1244,82.6924,223.9421,43.3906,56.6094
2623,300100,双林股份,0.997,0.7487,9.8366,805.5561,43.3664,56.6336
2624,300237,美晨生态,1.5412,0.5676,16.0222,646.4407,43.3346,56.6654
2625,002679,福建金森,4.06,0.8374,30.1497,-8.2906,43.305,56.695
2626,600336,澳柯玛,1.3430000000000002,1.0678,46.5866,853.2928,43.275,56.725
2627,000546,金圆股份,0.8587,0.7269,15.7158,270.2333,43.2532,56.7468
2628,002742,三圣股份,1.1351,1.022,19.6419,759.0173,43.2432,56.7568
2629,300135,宝利国际,1.3321,1.0875,46.7009,392.0357,43.2348,56.7652
2630,000725,京东方A,1.7387,1.5513,97.5282,603.5718,43.2293,56.7707
2631,600555,海航创新,1.8684,0.6233,28.1042,-90.4402,43.2142,56.7858
2632,600122,宏图高科,1.4944,1.1953,60.0778,224.3522,43.203,56.797
2633,002129,中环股份,0.9179,0.7918,46.1792,284.1695,43.1384,56.8616
2634,603127,昭衍新药,1.0132,0.7078,55.7634,-5721.7172,43.1377,56.8623
2635,600283,钱江水利,0.8909999999999999,0.7213,42.8633,725.3046,43.1249,56.8751
2636,300511,雪榕生物,0.2584,0.1531,12.3256,305.5955,43.0733,56.9267
2637,601898,中煤能源,0.7815,0.6663,29.6373,352.0644,42.9744,57.0256
2638,002004,华邦健康,1.1068,0.9586,43.943000000000005,278.4381,42.9729,57.0271
2639,002535,林州重机,1.0347,0.8370000000000001,25.2406,151.7138,42.9678,57.0322
2640,000616,海航投资,13.5983,6.2672,559.3128,164.1513,42.9581,57.0419
2641,300325,德威新材,1.3248,1.16,39.5898,136.4646,42.9001,57.0999
2642,300392,腾信股份,1.4245,1.4245,16.384,146.829,42.8641,57.1359
2643,000768,中航飞机,1.4781,0.7783,24.5361,-3933.2399,42.8574,57.1426
2644,002660,茂硕电源,1.043,0.8476,20.2795,167.6066,42.851000000000006,57.148999999999994
2645,600079,人福医药,1.0509,0.8497,28.5427,402.1149,42.8254,57.1746
2646,000421,南京公用,1.0321,0.4991,38.2367,1282.4691,42.8188,57.1812
2647,600398,海澜之家,1.4789,0.7269,62.4718,-2618.7873,42.8042,57.1958
2648,000753,漳州发展,1.7631,0.7458,57.7586,156.6365,42.7677,57.2323
2649,300244,迪安诊断,1.287,1.0157,13.8738,747.2019,42.756,57.244
2650,002682,龙洲股份,1.2291,1.0821,22.2072,365.3017,42.7271,57.2729
2651,300296,利亚德,1.3207,0.8065,37.2046,472.8558,42.7225,57.2775
2652,603177,德创环保,1.4842,1.2245,25.8233,475.3642,42.65,57.35
2653,603882,金域医学,1.3953,1.3125,27.6636,863.9761,42.6217,57.3783
2654,000404,华意压缩,1.3996,1.2114,34.6766,-1144.7663,42.5877,57.4123
2655,600112,*ST天成,0.7663,0.6175,9.8567,169.5405,42.5808,57.4192
2656,002455,百川股份,0.7992,0.5599,23.6717,478.9342,42.4354,57.5646
2657,600405,动力源,1.4356,1.175,42.2889,-28.2594,42.4037,57.5963
2658,002036,联创电子,1.016,0.6845,14.2863,498.5126,42.401,57.599
2659,603136,天目湖,0.3832,0.3484,28.788,845.7036,42.4006,57.5994
2660,600258,首旅酒店,0.4893,0.4785,35.1831,453.8464,42.3801,57.6199
2661,002005,德豪润达,0.8438,0.7039,29.3578,100.363,42.3619,57.6381
2662,000851,高鸿股份,1.3393,1.1351,25.9164,195.5072,42.2857,57.7143
2663,002300,太阳电缆,1.0493,0.8383,21.9805,391.8895,42.2774,57.7226
2664,600389,江山股份,0.767,0.5979,25.599,433.0284,42.2637,57.7363
2665,601369,陕鼓动力,1.4535,1.2694,15.645,1738.0227,42.2554,57.7446
2666,000958,东方能源,0.9672,0.9283,54.0081,383.9105,42.211000000000006,57.788999999999994
2667,600067,冠城大通,1.9559,0.4536,20.71,1237.7468,42.2061,57.7939
2668,600318,新力金融,0.4565,0.4565,29.7841,417.9863,42.1449,57.8551
2669,000028,国药一致,1.4634,1.15,26.7585,1806.9566,42.1187,57.8813
2670,601168,西部矿业,0.9926,0.8863,47.0993,379.7033,42.1103,57.8897
2671,002366,台海核电,1.0935,0.4548,7.7078,1023.1469,42.0763,57.9237
2672,600352,浙江龙盛,2.1726,0.7082,22.491999999999997,1019.0052,42.0744,57.9256
2673,600031,三一重工,1.5341,1.2688,16.3371,308.3582,42.0705,57.9295
2674,002290,中科新材,2.9671,2.5476,73.1171,599.999,42.0591,57.9409
2675,300043,星辉娱乐,0.7149,0.6417,23.6597,603.4431,42.0113,57.9887
2676,600477,杭萧钢构,1.4144,0.4926,14.7335,2032.4043,42.0078,57.9922
2677,600789,鲁抗医药,1.0943,0.7725,43.8065,284.3403,42.0016,57.9984
2678,600500,中化国际,1.1892,0.9278,43.0581,395.9868,41.9857,58.0143
2679,603019,中科曙光,1.31,1.0677,50.2811,424.3025,41.9576,58.0424
2680,000625,长安汽车,1.1864,0.9946,49.6893,-1807.6364,41.8765,58.1235
2681,600643,爱建集团,0.7140000000000001,0.7120000000000001,47.8077,999.6225,41.8602,58.1398
2682,600694,大商股份,1.1784,0.9779,59.0528,6670.9788,41.8588,58.1412
2683,002589,瑞康医药,1.3994,1.2047,16.6135,1504.7538,41.8423,58.1577
2684,300228,富瑞特装,1.1647,0.7912,28.8588,207.7959,41.8264,58.1736
2685,600119,长江投资,1.1276,0.9519,35.5202,298.5858,41.8259,58.1741
2686,601012,隆基股份,1.2334,1.101,56.0691,1674.6877,41.8113,58.1887
2687,601607,上海医药,1.396,1.0602,29.4397,815.9822,41.8028,58.1972
2688,002512,达华智能,0.8686,0.7375,21.8656,180.3032,41.7897,58.2103
2689,600667,太极实业,1.2692,0.9798,34.7545,383.2284,41.7747,58.2253
2690,300323,华灿光电,1.5256,1.2969,33.3138,625.2409,41.773,58.227
2691,600323,瀚蓝环境,0.6606,0.6016,38.9489,588.4382,41.7723,58.2277
2692,000523,广州浪奇,1.4146,1.2329999999999999,12.3367,174.2798,41.7424,58.2576
2693,603890,春秋电子,1.3093,0.9937,22.9549,1076.6389,41.7334,58.2666
2694,000968,蓝焰控股,1.3801,1.2758,60.0848,453.3095,41.7241,58.2759
2695,300703,创源文化,1.0194,0.6883,25.3339,501.2472,41.7103,58.2897
2696,002162,悦心健康,0.6689,0.3435,15.2269,174.4803,41.6976,58.3024
2697,000157,中联重科,2.4708,2.1269,82.6406,217.1645,41.6886,58.3114
2698,002336,人人乐,0.9731,0.5535,16.2894,-2829.6128,41.672,58.328
2699,002600,江粉磁材,1.1747,0.946,18.0666,280.1234,41.6716,58.3284
2700,600385,山东金泰,1.5601,1.5601,153.8035,379.5762,41.6685,58.3315
2701,002731,萃华珠宝,1.5515,0.5627,35.3569,303.1963,41.6387,58.3613
2702,300266,兴源环境,1.2942,0.6151,21.907,2167.065,41.6107,58.3893
2703,600548,深高速,0.7073,0.6058,46.3956,526.5409,41.5734,58.4266
2704,600811,东方集团,2.2182,1.3683,87.2893,185.2941,41.5538,58.4462
2705,600774,汉商集团,0.1466,0.1304,10.2947,173.2786,41.5282,58.4718
2706,600259,广晟有色,1.598,0.7958,34.5372,50.3761,41.4868,58.5132
2707,600309,万华化学,0.8373,0.5933,9.2372,1740.6449,41.4853,58.5147
2708,603100,川仪股份,1.5138,1.152,20.3743,500.8014,41.4762,58.5238
2709,600729,重庆百货,1.0552,0.737,48.6285,2351.6612,41.4675,58.5325
2710,600409,三友化工,0.7004,0.559,29.9648,762.2577,41.4537,58.5463
2711,002112,三变科技,1.2677,0.8433,13.0981,-279.3188,41.4021,58.5979
2712,603520,司太立,1.5048,1.035,34.263,488.8755,41.3921,58.6079
2713,600876,洛阳玻璃,0.7455,0.5411,14.817,141.0454,41.39,58.61
2714,603083,剑桥科技,1.1702,0.7787,20.4697,656.3724,41.3714,58.6286
2715,600053,九鼎投资,1.3069,0.3872,19.2532,992.6731,41.292,58.708
2716,002416,爱施德,1.5977,1.1609,55.0375,364.9419,41.2361,58.7639
2717,002905,金逸影视,1.3432,1.3141,69.4513,1780.0618,41.2337,58.7663
2718,000925,众合科技,0.9944,0.8572,31.4075,-148.5022,41.2303,58.7697
2719,603031,安德利,0.5941,0.2526,12.4118,375.5424,41.2183,58.7817
2720,002314,南山控股,1.8447,0.7275,53.0431,1930.2746,41.1892,58.8108
2721,600221,海航控股,0.8914,0.8873,74.9208,220.9273,41.1792,58.8208
2722,000539,粤电力A,0.6378,0.5456,27.4803,167.1856,41.1607,58.8393
2723,000759,中百集团,0.6581,0.4155,12.5185,854.1106,41.1291,58.8709
2724,600444,国机通用,1.2428,0.8945,7.6722,461.6803,41.0849,58.9151
2725,600109,国金证券,--,--,--,--,41.0743,58.9257
2726,002482,广田集团,1.6877,1.5624,34.9553,493.8611,41.021,58.979
2727,002419,天虹股份,1.0479,0.8623,47.082,-2449.3148,40.988,59.012
2728,300140,中环装备,1.4062,0.8744,14.7304,321.5803,40.8793,59.1207
2729,300058,蓝色光标,1.3034,1.2885,27.1578,335.9241,40.855,59.145
2730,600801,华新水泥,0.7126,0.5527,26.7851,329.8644,40.826,59.174
2731,002182,云海金属,0.948,0.6185,9.5638,367.3236,40.825,59.175
2732,300256,星星科技,1.0047,0.6496,12.7442,175.7127,40.8131,59.1869
2733,600275,*ST昌鱼,0.0882,0.0697,2.5086,-224.3968,40.8105,59.1895
2734,000630,铜陵有色,0.9468,0.5991,25.9541,262.8043,40.8068,59.1932
2735,600155,宝硕股份,1.2084,1.2059,24.7512,40801.7471,40.8017,59.1983
2736,000810,创维数字,1.6131,1.2843,19.0585,627.417,40.7551,59.2449
2737,300249,依米康,1.2662,0.9926,15.9661,192.2795,40.6605,59.3395
2738,000667,美好置业,2.7131,0.835,35.5194,36682.0066,40.5889,59.4111
2739,300477,合纵科技,1.1629,0.9518,11.689,-18410.1702,40.5658,59.4342
2740,600056,中国医药,1.6481,1.1977,16.9025,3637.2335,40.5227,59.4773
2741,000778,新兴铸管,0.9912,0.8208,23.2767,291.6712,40.513000000000005,59.486999999999995
2742,002133,广宇集团,1.8694,0.8597,27.1586,1053.9627,40.4763,59.5237
2743,600064,南京高科,0.9039,0.2448,8.7541,792.7545,40.4471,59.5529
2744,603233,大参林,1.1347,0.541,34.7974,2521.7542,40.4454,59.5546
2745,600823,世茂股份,1.4522,0.5428,35.0857,3588.564,40.4413,59.5587
2746,300362,天翔环境,1.9236,1.6047,88.9403,158.7636,40.4295,59.5705
2747,002357,富临运业,0.2638,0.262,12.8874,496.0348,40.4204,59.5796
2748,600069,银鸽投资,0.8718,0.7337,49.05,-39.9147,40.4107,59.5893
2749,600210,紫江企业,0.8756,0.6086,27.4463,809.9117,40.3801,59.6199
2750,000629,*ST钒钛,0.7279,0.5333,23.8005,525.093,40.3669,59.6331
2751,600459,贵研铂业,1.6555,0.9841,17.2211,342.6391,40.3523,59.6477
2752,603186,华正新材,1.3123,1.078,24.3418,650.9359,40.3067,59.6933
2753,603129,春风动力,1.303,0.9281,67.2901,1362.9787,40.2987,59.7013
2754,600100,同方股份,1.1068,0.7751,29.4476,102.6205,40.2966,59.7034
2755,600179,安通控股,0.8244,0.8075,30.3036,415.0157,40.2632,59.7368
2756,600123,兰花科创,0.4697,0.4091,13.9692,440.3627,40.2334,59.7666
2757,601001,大同煤业,1.4903,1.453,93.4335,559.2894,40.2155,59.7845
2758,300473,德尔股份,1.3902,0.9554,37.006,738.9924,40.2035,59.7965
2759,600900,长江电力,0.1677,0.1626,6.2331,444.121,40.1949,59.8051
2760,002375,亚厦股份,1.4454,1.2936,12.8707,747.0647,40.1536,59.8464
2761,000687,华讯方舟,1.9254,1.7775,66.4394,227.1152,40.135999999999996,59.864
2762,600066,宇通客车,1.3463,1.2047,22.5232,1807.7331,40.1232,59.8768
2763,000502,绿景控股,0.8819,0.7769,60.2082,3173.7555,40.0866,59.9134
2764,603606,东方电缆,1.2606,0.8946,25.2114,339.2046,40.0674,59.9326
2765,600741,华域汽车,1.2603,1.1423,52.5509,-10759.4383,40.0638,59.9362
2766,002089,新海宜,1.0614,0.9159,13.7573,234.082,40.0253,59.9747
2767,002081,金螳螂,1.3807,1.3674,10.3191,1740.4851,40.0092,59.9908
2768,300715,凯伦股份,1.0718,0.9352,21.7821,672.0643,39.9951,60.0049
2769,600425,*ST青松,0.5845,0.3997,6.6016,-56.8956,39.9464,60.0536
2770,603709,中源家居,1.1614,1.0491,77.2262,2651.9804,39.9374,60.0626
2771,603605,珀莱雅,0.8804,0.6544,54.7828,1255.9488,39.9157,60.0843
2772,603776,永安行,1.0003,0.828,15.1958,2003.9853,39.8891,60.1109
2773,000718,苏宁环球,1.6955,0.5219,18.1259,1261.3252,39.876,60.123999999999995
2774,600597,光明乳业,1.0699,0.7872,42.9905,619.5619,39.8418,60.1582
2775,002534,杭锅股份,1.3878,1.1765,18.5611,1841.5121,39.8308,60.1692
2776,600547,山东黄金,0.7475,0.4674,42.39,599.3016,39.7846,60.2154
2777,603883,老百姓,1.4045,0.8873,44.3332,1019.6163,39.7807,60.2193
2778,600666,奥瑞德,1.0372,0.6352,10.8327,397.9663,39.7801,60.2199
2779,603799,华友钴业,1.057,0.573,19.7664,636.1856,39.7729,60.2271
2780,300702,天宇股份,0.8183,0.4372,14.5501,610.1893,39.7297,60.2703
2781,603708,家家悦,1.2664,0.9681,83.3904,-674.6376,39.7135,60.2865
2782,600303,曙光股份,1.1599,1.0733,53.4407,925.8873,39.6953,60.3047
2783,300059,东方财富,1.4063,1.3991,62.8824,-1230.8342,39.6175,60.3825
2784,300376,易事特,1.2358,1.1061,26.6964,1057.6782,39.6069,60.3931
2785,600510,黑牡丹,2.4333,1.7074,50.5392,534.1377,39.6052,60.3948
2786,000006,深振业A,1.7694,0.6511,58.8257,718.5922,39.5798,60.4202
2787,002918,蒙娜丽莎,1.3149,0.8006,36.6935,1953.5307,39.5667,60.4333
2788,002080,中材科技,0.9645,0.7484,22.901,392.3936,39.5371,60.4629
2789,600767,*ST运盛,1.0399,0.2113,10.3171,-554.0258,39.4708,60.5292
2790,600780,通宝能源,1.6391,1.6052,141.5062,174.8809,39.4656,60.5344
2791,000501,鄂武商A,0.3719,0.2841,20.8955,13412.4973,39.4542,60.5458
2792,603885,吉祥航空,0.7694,0.7576,44.511,1474.6074,39.4249,60.5751
2793,002321,华英农业,1.0936,0.8291,47.9887,202.5985,39.3495,60.6505
2794,002204,大连重工,1.3144,0.8947,11.4098,422.4322,39.3454,60.6546
2795,002694,顾地科技,1.0804,0.8416,41.1726,143.3695,39.3198,60.6802
2796,000070,特发信息,1.2791,0.8775,16.2436,559.6869,39.2964,60.7036
2797,601021,春秋航空,1.4648,1.4441,102.5062,757.6676,39.2606,60.7394
2798,600517,置信电气,1.324,1.1319,15.9346,1178.3319,39.2396,60.7604
2799,600567,山鹰纸业,0.8412,0.6486,24.4592,455.10400000000004,39.1819,60.8181
2800,000418,小天鹅A,1.5012,1.4055,30.2275,-4070.3766,39.1817,60.8183
2801,002234,民和股份,0.6931,0.413,32.4792,-634.8901,39.1297,60.8703
2802,002078,太阳纸业,0.8343,0.6851,13.9194,530.2381,39.0725,60.9275
2803,600089,特变电工,1.3419999999999999,1.0192,50.5628,623.7193,39.0683,60.9317
2804,000021,深科技,1.1502,1.0138,73.6082,2422.9889,38.9882,61.0118
2805,600050,中国联通,0.292,0.2866,10.9363,238.7259,38.977,61.023
2806,600784,鲁银投资,1.215,0.6772,23.8033,111.7541,38.9177,61.0823
2807,601111,中国国航,0.39,0.3575,18.3284,1743.9932,38.9037,61.0963
2808,000880,潍柴重机,0.6784,0.4308,28.9559,-1533.4748,38.8385,61.1615
2809,300621,维业股份,1.5278,1.4663,38.271,836.828,38.8,61.2
2810,002427,ST尤夫,0.904,0.8290000000000001,45.9061,311.1583,38.7374,61.2626
2811,601107,四川成渝,1.1082,0.8123,63.5313,310.4477,38.7232,61.2768
2812,002340,格林美,1.2076,0.7434,18.0643,259.9962,38.714,61.286
2813,600202,哈空调,0.9709,0.7162,13.5557,-132.5462,38.7138,61.2862
2814,001896,豫能控股,0.6714,0.5911,15.3143,34.9199,38.7107,61.2893
2815,600711,盛屯矿业,1.4616,1.0913,18.1509,334.0934,38.7037,61.2963
2816,000517,荣安地产,2.2946,0.8812,46.1107,1257.6785,38.702,61.298
2817,600104,上汽集团,1.0987,0.951,50.2933,19612.9524,38.6598,61.3402
2818,002462,嘉事堂,1.4269,1.1743,14.8437,918.0724,38.5224,61.4776
2819,600749,西藏旅游,0.1743,0.1345,5.1887,-179.9943,38.5176,61.4824
2820,600489,中金黄金,0.9251,0.3336,22.6045,244.2009,38.5025,61.4975
2821,601899,紫金矿业,0.9078,0.5563,26.0615,276.672,38.4399,61.5601
2822,002368,太极股份,1.2395,1.0019,14.0487,133.2606,38.4356,61.5644
2823,600791,京能置业,3.1093,0.9449,84.7164,114.5919,38.4111,61.5889
2824,600110,诺德股份,1.0032,0.9154,56.1131,257.8969,38.3739,61.6261
2825,002420,毅昌股份,1.2161,0.7647,10.9575,-88.0064,38.3714,61.6286
2826,000860,顺鑫农业,1.6346,0.6741,55.2549,443.5759,38.3521,61.6479
2827,600300,维维股份,0.9333,0.5820000000000001,33.9826,258.9008,38.3038,61.6962
2828,000631,顺发恒业,2.061,1.2313,73.9635,1333.0958,38.2843,61.7157
2829,600188,兖州煤业,0.9393,0.8694,48.9174,469.0696,38.2759,61.7241
2830,300197,铁汉生态,1.4615,0.7708,51.8305,364.3437,38.2238,61.7762
2831,002167,东方锆业,0.853,0.5841,3.3714,143.8206,38.1959,61.8041
2832,002431,棕榈股份,1.5736,0.7497,32.9058,210.3243,38.191,61.809
2833,601016,节能风电,1.2285,1.176,56.9156,270.2202,38.1509,61.8491
2834,300355,蒙草生态,1.5216,1.3579,23.2203,1013.0728,38.1304,61.8696
2835,002442,龙星化工,0.9205,0.7376,20.1584,256.0755,38.0995,61.9005
2836,000059,华锦股份,0.6408,0.4306,26.9692,509.9951,38.0959,61.9041
2837,600629,华建集团,1.1723,0.7165,26.159000000000002,-3763.7035,38.0366,61.9634
2838,600267,海正药业,0.8865,0.6391,29.3533,258.7462,38.0326,61.9674
2839,000966,长源电力,0.2649,0.1772,1.9741,-29.5661,37.9907,62.0093
2840,600217,中再资环,1.9038,1.5701,24.3691,353.629,37.9869,62.0131
2841,002430,杭氧股份,1.1793,0.9543,16.146,320.6718,37.9315,62.0685
2842,600173,卧龙地产,1.9433,0.7803,68.4973,-3291.8618,37.8068,62.1932
2843,000608,阳光股份,1.8394,1.5348,17.8141,76.3929,37.7634,62.2366
2844,600348,阳泉煤业,0.6372,0.6089,24.3564,439.8414,37.7456,62.2544
2845,000977,浪潮信息,1.3848,0.9132,21.8995,297.0936,37.677,62.323
2846,000009,中国宝安,1.4112,0.6977,26.7488,244.8354,37.6543,62.3457
2847,600335,国机汽车,1.4788,0.7969,33.1478,1694.2867,37.6429,62.3571
2848,603555,贵人鸟,1.5102,1.3436,36.181,290.4773,37.6394,62.3606
2849,002323,雅百特,1.5979,0.6834,3.0967,1130.0527,37.6333,62.3667
2850,002573,清新环境,1.1256,0.8616,5.6828,534.3955,37.6001,62.3999
2851,300426,唐德影视,1.5185,0.8312,10.9677,483.7744,37.5776,62.4224
2852,600893,航发动力,0.905,0.4603,14.8576,167.6289,37.5764,62.4236
2853,600333,长春燃气,0.4523,0.3209,24.3687,126.4437,37.5429,62.4571
2854,002209,达意隆,1.1287,0.7018,20.7577,19.2625,37.5374,62.4626
2855,300461,田中精机,1.1873,0.8158,19.6458,1104.1545,37.5239,62.4761
2856,002893,华通热力,0.7825,0.6785,10.3428,955.3617,37.486,62.513999999999996
2857,000785,武汉中商,0.7444,0.5861,30.6273,571.2422,37.4042,62.5958
2858,002477,雏鹰农牧,1.6231,1.4484,53.2563,329.9315,37.39,62.61
2859,601368,绿城水务,0.7768,0.7567,62.7788,574.693,37.3871,62.6129
2860,000591,太阳能,1.1753,1.136,18.0613,229.7786,37.376999999999995,62.623000000000005
2861,002505,大康农业,1.2115,1.1143,36.925,113.6165,37.3547,62.6453
2862,603161,科华控股,1.3128,1.0279,17.6685,676.815,37.3073,62.6927
2863,000589,黔轮胎A,1.01,0.7708,26.2278,111.8959,37.2647,62.7353
2864,002310,东方园林,1.4283,0.7247,23.4496,463.779,37.2406,62.7594
2865,300072,三聚环保,1.9534,1.8403,46.03,596.9401,37.2147,62.7853
2866,600760,中航沈飞,0.8458,0.5877,18.109,-223.3365,37.1901,62.8099
2867,002594,比亚迪,1.0648,0.8324,12.0109,371.848,37.1867,62.8133
2868,300657,弘信电子,1.1652,1.0337,17.0201,419.4207,37.1755,62.8245
2869,601766,中国中车,1.2114,0.8729,21.7052,992.0395,37.1303,62.8697
2870,002105,信隆健康,1.0674,0.8243,21.2154,376.5182,37.13,62.87
2871,600496,精工钢构,1.327,0.6049,18.7887,198.1186,37.0202,62.9798
2872,600619,海立股份,1.1765,0.9512,13.0164,314.9128,37.0079,62.9921
2873,600458,时代新材,1.5633,1.1563,29.8885,136.1461,36.9539,63.0461
2874,002701,奥瑞金,1.2821,1.155,56.1318,390.7789,36.9166,63.0834
2875,000668,荣丰控股,3.5721,0.4462,32.334,-319.8601,36.8693,63.1307
2876,300014,亿纬锂能,1.1147,0.7516,17.1746,1563.3534,36.8547,63.1453
2877,603318,派思股份,1.1438,1.0257,9.5466,391.61300000000006,36.7631,63.2369
2878,000900,现代投资,0.9343,0.8159,39.5109,307.4125,36.7312,63.2688
2879,000826,启迪桑德,0.7124,0.6708,30.0871,401.0411,36.689,63.31100000000001
2880,600497,驰宏锌锗,0.3325,0.2057,12.7555,251.6326,36.6889,63.3111
2881,002384,东山精密,1.3469,1.0197,37.2156,170.7361,36.6852,63.3148
2882,300106,西部牧业,1.1143,0.607,22.0388,-61.526,36.589,63.411
2883,600869,智慧能源,1.5344,1.2127,28.503,264.6077,36.5828,63.4172
2884,300422,博世科,1.2812,1.196,38.5355,545.3808,36.5668,63.4332
2885,603797,联泰环保,0.8228,0.8148,69.0595,317.8516,36.556,63.443999999999996
2886,600248,延长化建,1.3306,0.8731,13.4182,-3817.7090000000003,36.5527,63.4473
2887,600391,航发科技,1.3721,0.4628,8.6539,213.9031,36.5274,63.4726
2888,300168,万达信息,0.8886,0.5685,14.4864,179.2329,36.5157,63.4843
2889,002087,新野纺织,1.5149,1.063,46.201,255.8605,36.4794,63.5206
2890,000796,凯撒旅游,1.3907,1.3862,53.4266,524.5825,36.4747,63.5253
2891,002668,奥马电器,1.6423,1.4102,45.8127,650.6863,36.4702,63.5298
2892,600808,马钢股份,0.8726,0.5192,17.0158,524.4645,36.4445,63.5555
2893,000027,深圳能源,0.6983,0.6142,23.2897,185.0945,36.4388,63.5612
2894,000877,天山股份,0.4572,0.3589,16.8652,120.0147,36.4149,63.5851
2895,600864,哈投股份,1.1451,1.1419,25.1976,11208.0317,36.3856,63.6144
2896,600903,贵州燃气,0.5164,0.3586,17.9512,239.7607,36.3636,63.6364
2897,000680,山推股份,1.0464,0.7791,24.4077,175.1252,36.3611,63.6389
2898,600121,*ST郑煤,0.7027,0.6496,27.1601,675.4096,36.2998,63.7002
2899,600888,新疆众和,1.3663,1.0653,40.1019,167.7568,36.2969,63.7031
2900,000983,西山煤电,0.7863,0.629,18.7654,401.7747,36.2658,63.7342
2901,603458,勘设股份,1.2768,1.2088,23.4848,1435.0049,36.2404,63.7596
2902,002451,摩恩电气,0.6699,0.5783,10.2036,352.8399,36.2363,63.7637
2903,000669,金鸿控股,0.4428,0.4242,11.3776,298.5623,36.2167,63.7833
2904,300071,华谊嘉信,1.078,1.078,5.1357,264.4639,36.2118,63.7882
2905,600236,桂冠电力,0.4896,0.4701,27.848000000000003,336.05,36.1972,63.8028
2906,300212,易华录,1.9566,0.763,34.3706,359.4346,36.1397,63.8603
2907,603466,风语筑,1.3586,0.9066,19.2867,16407.0278,36.133,63.867
2908,601608,中信重工,1.1995,0.7871,41.1923,154.6441,36.1064,63.8936
2909,600189,吉林森工,0.6655,0.5891,15.8374,614.4555,36.0887,63.9113
2910,002074,国轩高科,1.3495,1.1796,47.1616,2338.5574,36.0479,63.9521
2911,600231,凌钢股份,0.6438,0.4818,32.91,544.2002,36.0087,63.9913
2912,603506,南都物业,1.3252,1.3243,87.9831,-18921.9635,36.0051,63.9949
2913,000511,*ST烯碳,1.4768,0.8267,0.8358,-7.2058,35.9687,64.0313
2914,600835,上海机电,1.3423,0.9552,70.3091,-841.788,35.9577,64.0423
2915,002068,黑猫股份,0.8552,0.6531,10.3444,494.2916,35.9422,64.0578
2916,600072,中船科技,1.2833,1.0633,40.0867,112.6671,35.9084,64.0916
2917,601968,宝钢包装,0.7772,0.5348,7.4141,75.0935,35.8957,64.1043
2918,603828,柯利达,1.2018,1.1888,9.0321,431.1641,35.8067,64.1933
2919,600177,雅戈尔,1.194,0.7352,35.0975,527.5972,35.7843,64.2157
2920,603996,中新科技,1.3639,0.8817,8.2218,182.2019,35.7745,64.2255
2921,000055,方大集团,1.8,1.1259,31.4964,1240.2199,35.7674,64.2326
2922,600601,方正科技,0.8441,0.6207,15.761,-98.3578,35.7466,64.2534
2923,002544,杰赛科技,1.56,1.1538,23.6527,164.8212,35.7188,64.2812
2924,600621,华鑫股份,1.5417,1.4906,74.5305,512.7593,35.6438,64.3562
2925,002647,民盛金科,1.4717,1.4717,65.8626,106.1703,35.6247,64.3753
2926,000049,德赛电池,1.2994,0.9705,9.5799,-4216.2217,35.5135,64.4865
2927,000599,青岛双星,1.1174,0.7832,14.4436,242.7852,35.479,64.521
2928,002845,同兴达,1.3808,0.8805,24.8618,707.0782,35.4706,64.5294
2929,603843,正平股份,1.3674,0.7032,21.0156,182.5672,35.419000000000004,64.581
2930,600716,凤凰股份,2.6749,0.8902,73.3797,26.8225,35.4148,64.5852
2931,002071,长城影视,0.9597,0.816,10.0466,521.602,35.4128,64.5872
2932,600966,博汇纸业,0.7783,0.5613,14.0442,440.8387,35.3795,64.6205
2933,000830,鲁西化工,0.2837,0.1717,7.5065,437.5133,35.3456,64.6544
2934,600328,兰太实业,0.4875,0.3683,5.2495,313.7085,35.3078,64.6922
2935,002743,富煌钢构,1.8090000000000002,0.9048,29.8329,177.513,35.304,64.696
2936,000061,农产品,0.4962,0.4402,23.808000000000003,176.7222,35.2943,64.7057
2937,600507,方大特钢,0.8758,0.7006,31.5176,3923.1865,35.2789,64.7211
2938,000150,宜华健康,0.9292,0.8822,27.9584,288.9206,35.1426,64.8574
2939,600673,东阳光科,0.8331,0.6592,25.0846,289.2673,35.0349,64.9651
2940,002343,慈文传媒,1.4927,0.8764,30.6687,505.4814,34.9605,65.0395
2941,600829,人民同泰,1.4412,1.2571,14.1743,3029.5399,34.9424,65.0576
2942,600038,中直股份,1.3514,0.3768,23.563,-2975.8327,34.9153,65.0847
2943,600863,内蒙华电,0.2932,0.2584,3.6268,188.6511,34.8634,65.1366
2944,601117,中国化学,1.4464,1.0465,41.0424,569.3972,34.836,65.164
2945,002201,九鼎新材,0.7923,0.5142,19.9707,124.9494,34.8181,65.1819
2946,300284,苏交科,1.1981,1.1753,23.0315,703.8089,34.8048,65.1952
2947,600372,中航电子,1.352,1.0022,18.9309,292.4151,34.7915,65.2085
2948,000532,华金资本,0.4695,0.3249,19.383,219.2468,34.6192,65.3808
2949,300278,华昌达,1.1933,0.9145,20.4826,298.8269,34.5998,65.4002
2950,002356,赫美集团,0.9547,0.4691,7.6941,427.6834,34.5749,65.4251
2951,002018,华信国际,1.3441,1.3435,6.9391,-5785.5557,34.5509,65.4491
2952,002047,宝鹰股份,1.5225,1.4157,13.7116,535.9788,34.4861,65.5139
2953,002092,中泰化学,0.8938,0.757,18.472,434.8087,34.4702,65.5298
2954,002499,科林环保,1.2033,0.661,9.7805,1032.7938,34.4363,65.5637
2955,600190,锦州港,1.045,0.9374,38.6232,172.8859,34.4242,65.5758
2956,600738,兰州民百,0.9962,0.4929,46.4484,412.5254,34.3913,65.6087
2957,600990,四创电子,1.0797,0.6918,22.7614,-92.6368,34.3451,65.6549
2958,600241,时代万恒,1.1995,1.0353,42.9799,98.178,34.3444,65.6556
2959,600587,新华医疗,0.9336,0.5353,17.3524,313.1048,34.3077,65.6923
2960,002115,三维通信,1.1077,0.8544,33.7638,299.058,34.2911,65.7089
2961,000960,锡业股份,0.5476,0.3217,15.0446,273.3251,34.2369,65.7631
2962,600693,东百集团,1.7528,0.5344,38.5619,2317.5897,34.2349,65.7651
2963,300176,鸿特精密,0.8791,0.6618,27.5865,371.2631,34.214,65.786
2964,603030,全筑股份,1.3113,1.0428,13.2472,209.3534,34.1812,65.8188
2965,002556,辉隆股份,1.1324,0.7163,25.7484,340.033,34.166,65.834
2966,300178,腾邦国际,1.1744,1.1744,27.8648,528.6079,34.0077,65.9923
2967,600782,新钢股份,0.9523,0.7515,24.1928,431.0637,33.8783,66.1217
2968,600758,红阳能源,0.8375,0.8102,34.3836,339.2901,33.8783,66.1217
2969,603363,傲农生物,0.8391,0.6324,26.4521,575.2173,33.8557,66.1443
2970,002713,东易日盛,0.9722,0.8855,30.1243,4606.1487,33.8059,66.1941
2971,002203,海亮股份,0.9672,0.7447,8.4004,555.8535,33.7915,66.2085
2972,600010,包钢股份,0.3954,0.2048,7.0621,293.7414,33.7743,66.2257
2973,002539,云图控股,0.6364,0.4156,17.4136,218.9116,33.7365,66.2635
2974,603076,乐惠国际,1.2418,0.6642,23.0696,515.4286,33.7103,66.2897
2975,002493,荣盛石化,0.7318,0.6112,21.0554,429.9889,33.681999999999995,66.318
2976,002325,洪涛股份,1.3347,1.3247,11.2941,411.7201,33.6781,66.3219
2977,600754,锦江股份,0.8915,0.8857,69.6929,314.7769,33.668,66.332
2978,002786,银宝山新,1.4704,0.8285,23.3907,501.2753,33.657,66.343
2979,600081,东风科技,0.9474,0.8536,17.6921,2344.9037,33.6516,66.3484
2980,600006,东风汽车,1.1181,0.8783,18.5915,100.6601,33.6329,66.3671
2981,000779,三毛派神,0.7082,0.481,34.5121,491.7305,33.6171,66.3829
2982,600766,园城黄金,0.9719,0.041,1.5499,318.4181,33.6104,66.3896
2983,300603,立昂技术,1.3606,1.0308,36.7649,-13736.7257,33.5781,66.4219
2984,002090,金智科技,1.6185,1.3654,38.5824,493.4766,33.4979,66.5021
2985,000939,凯迪生态,1.259,0.8451,32.9542,136.5843,33.4909,66.5091
2986,601919,中远海控,0.9815,0.9235,63.2153,529.7189,33.4782,66.5218
2987,000825,太钢不锈,0.4774,0.333,17.3932,199.7793,33.3701,66.6299
2988,000972,*ST中基,0.7027,0.2782,13.0252,-112.6284,33.311,66.689
2989,600781,辅仁药业,0.6683,0.4595,29.32,173.0467,33.3018,66.6982
2990,000048,康达尔,1.3031,0.42,33.7262,-2047.9793,33.2894,66.7106
2991,002166,莱茵生物,1.1709,0.1374,1.1764,872.2991,33.1834,66.8166
2992,002673,西部证券,--,--,--,--,33.155,66.845
2993,002916,深南电路,0.9552,0.6183,16.6536,586.8822,33.1512,66.8488
2994,300091,金通灵,1.0403,0.6613,11.8607,403.7045,33.1479,66.8521
2995,002471,中超控股,1.2433,0.8797,18.9828,145.2565,33.1285,66.8715
2996,002920,德赛西威,1.3297,0.9758,11.5866,13661.0808,33.0997,66.9003
2997,601108,财通证券,--,--,--,--,33.0985,66.9015
2998,603169,兰石重装,1.1112,0.5805,12.9041,128.6181,32.9963,67.0037
2999,600166,福田汽车,0.8074,0.6547,19.5855,190.0348,32.891999999999996,67.108
3000,000100,TCL集团,1.1309,0.9505,34.0045,373.9509,32.8686,67.1314
3001,600648,外高桥,1.1706,0.3491,24.1386,616.2889,32.8394,67.1606
3002,002202,金风科技,1.2367,1.0783,17.2073,456.7887,32.8168,67.1832
3003,600737,中粮糖业,1.145,0.5659,18.8981,308.1743,32.7908,67.2092
3004,002490,*ST墨龙,0.5952,0.3897,20.348,109.533,32.789,67.211
3005,000928,中钢国际,1.3453,1.1709,19.8179,-158.3561,32.7483,67.2517
3006,600240,华业资本,1.4951,0.8559,53.3711,509.6154,32.663000000000004,67.337
3007,601727,上海电气,1.273,1.0055,36.1751,1287.8391,32.6299,67.3701
3008,300025,华星创业,1.1573,1.0492,13.2458,325.2108,32.580999999999996,67.419
3009,600580,卧龙电气,1.2817,0.9581,30.8307,243.6945,32.5741,67.4259
3010,002652,扬子新材,1.2271,0.6161,15.4013,403.8949,32.5357,67.4643
3011,000428,华天酒店,0.6888,0.2103,9.4678,-44.1151,32.4894,67.5106
3012,600282,南钢股份,0.4771,0.3225,13.7691,524.3229,32.4817,67.5183
3013,000333,美的集团,1.1047,0.9531,24.8483,4025.7283,32.463,67.53699999999999
3014,600839,四川长虹,1.1612,0.8148,30.6719,-847.2697,32.3718,67.6282
3015,600008,首创股份,0.6362,0.5651,24.6958,189.9587,32.3674,67.6326
3016,600470,六国化工,0.6003,0.2906,16.3653,23.5581,32.353,67.64699999999999
3017,603260,合盛硅业,0.4394,0.3344,20.8019,862.0702,32.312,67.688
3018,000861,海印股份,2.833,1.1697,68.1517,270.8727,32.3036,67.6964
3019,002011,盾安环境,0.958,0.7863,24.5723,160.9904,32.2848,67.7152
3020,600692,亚通股份,1.203,0.4975,27.6738,794.0666,32.2667,67.7333
3021,000035,中国天楹,0.3491,0.3013,8.2581,232.3113,32.2363,67.7637
3022,600973,宝胜股份,1.1285,0.9193,16.4095,188.9494,32.1611,67.8389
3023,000691,亚太实业,2.339,0.5437,24.1273,-179.1445,32.1467,67.8533
3024,600418,江淮汽车,1.0097,0.9364,48.001,-679.9642,32.0891,67.9109
3025,000981,银亿股份,2.3785,0.7055,39.8127,313.3762,32.0757,67.9243
3026,002610,爱康科技,0.8915,0.8576,44.5931,129.224,32.0747,67.9253
3027,601699,潞安环能,0.77,0.7068,30.1894,496.0189,32.0532,67.9468
3028,000058,深赛格,1.3599,0.4781,29.3551,1135.0604,32.053000000000004,67.947
3029,000807,云铝股份,0.556,0.3364,22.2507,161.9089,32.0439,67.9561
3030,601058,赛轮金宇,0.7784,0.4924,20.8104,125.6485,31.9965,68.0035
3031,002121,科陆电子,1.3204,1.054,35.4983,198.1992,31.99,68.01
3032,002159,三特索道,0.4116,0.1326,7.2184,56.1907,31.9564,68.0436
3033,002037,久联发展,1.0926,1.0118,14.5555,198.3211,31.9328,68.0672
3034,600998,九州通,1.2981,0.9336,17.8676,389.8104,31.8653,68.1347
3035,600421,ST仰帆,0.4719,0.3395,3.201,-158288.9729,31.7693,68.2307
3036,002788,鹭燕医药,1.2907,0.9371,13.2337,433.055,31.7401,68.2599
3037,002002,鸿达兴业,0.651,0.5466,13.0597,495.4449,31.7117,68.2883
3038,000930,中粮生化,0.6929,0.3457,17.4009,543.4157,31.6077,68.3923
3039,601211,国泰君安,--,--,--,--,31.5683,68.4317
3040,600999,招商证券,--,--,--,--,31.557,68.443
3041,002684,猛狮科技,1.365,1.1643,47.8613,150.9764,31.545,68.455
3042,600881,亚泰集团,1.1347,0.8104,33.5348,121.0313,31.5237,68.4763
3043,600812,华北制药,0.6896,0.5274,10.6044,125.294,31.515,68.485
3044,600068,葛洲坝,1.5108,0.7812,27.7937,455.969,31.4529,68.5471
3045,601212,白银有色,0.9683,0.6043,16.6102,194.0062,31.4489,68.5511
3046,002248,*ST东数,0.548,0.1528,3.7086,-271.991,31.4047,68.5953
3047,600745,闻泰科技,1.0738,0.5514,13.8627,481.1341,31.3948,68.6052
3048,002140,东华科技,1.4001,0.9001,47.9114,-854.5033,31.3918,68.6082
3049,600416,湘电股份,1.1211,0.9179,18.5495,128.7679,31.3099,68.6901
3050,000430,张家界,0.2059,0.1999,16.3679,493.8841,31.2974,68.7026
3051,000521,美菱电器,1.3364,1.0958,46.2405,-221.4345,31.2659,68.7341
3052,600759,洲际油气,0.5653,0.3319,8.6076,92.6702,31.2513,68.7487
3053,600526,菲达环保,1.3061,0.6572,13.4192,239.8004,31.2407,68.7593
3054,600810,神马股份,0.873,0.7353,31.94,200.2962,31.2338,68.7662
3055,002418,康盛股份,0.8765,0.8066,32.7581,360.5291,31.2331,68.7669
3056,600677,航天通信,1.196,0.7967,10.6206,176.8543,31.2264,68.7736
3057,600150,中国船舶,2.3461,1.38,96.6081,82.4327,31.1999,68.8001
3058,603278,大业股份,1.14,0.9353,26.8484,403.7103,31.1956,68.8044
3059,603386,广东骏亚,0.7814,0.5136,9.1543,1021.6171,31.1773,68.8227
3060,600448,华纺股份,0.8131,0.4442,28.2773,131.4911,31.1038,68.8962
3061,002386,天原集团,0.6732,0.5767,30.8869,130.3829,31.0599,68.9401
3062,000792,盐湖股份,0.6222,0.4947,23.9193,26.3795,31.0353,68.9647
3063,000017,深中华A,1.2328,1.0528,44.903,1149.6055,30.9562,69.0438
3064,601989,中国重工,1.3204,0.8949,59.0241,186.6184,30.9085,69.0915
3065,600487,亨通光电,1.2057,0.7787,15.0633,678.6224,30.892,69.108
3066,000039,中集集团,1.0713,0.7294,18.3745,365.2317,30.7894,69.2106
3067,600260,凯乐科技,1.3987,1.1061,16.9127,282.4631,30.7002,69.2998
3068,601666,平煤股份,0.7328,0.6462,29.4568,259.1342,30.647,69.35300000000001
3069,002789,建艺集团,1.0783,1.0476,22.9269,215.0131,30.6382,69.3618
3070,300450,先导智能,1.2967,0.6018,27.5143,-23436.7536,30.572,69.428
3071,002244,滨江集团,1.6079,0.7276,31.6555,1902.046,30.5556,69.4444
3072,600531,豫光金铅,1.2012,0.4497,26.8818,151.9935,30.5391,69.4609
3073,600969,郴电国际,1.8962,1.8763,155.7559,672.6713,30.506,69.494
3074,000862,银星能源,1.7931,1.6807,53.8803,91.1821,30.4993,69.5007
3075,600346,恒力股份,0.7764,0.5751,19.6319,418.3783,30.4911,69.5089
3076,600141,兴发集团,0.4343,0.3326,8.5619,217.4079,30.4826,69.5174
3077,600682,南京新百,0.7225,0.4741,35.5081,259.7684,30.4557,69.5443
3078,600498,烽火通信,1.2662,0.6614,18.2671,712.0325,30.4513,69.5487
3079,002116,中国海诚,1.2996,1.0525,41.9256,-3802.1768,30.4344,69.5656
3080,600690,青岛海尔,1.0643,0.83,39.5722,1087.9479,30.4322,69.5678
3081,600383,金地集团,1.6364,0.7382,23.8999,-2087.7461,30.3926,69.6074
3082,300001,特锐德,1.1533,0.9665,16.8402,262.2598,30.3197,69.6803
3083,600909,华安证券,--,--,--,--,30.2312,69.7688
3084,600077,宋都股份,1.7555,0.3718,19.3752,233.1105,30.1973,69.8027
3085,300029,天龙光电,1.0137,0.4479,19.7439,-499.0746,30.195,69.805
3086,002221,东华能源,1.2519,1.0681,46.7316,350.1587,30.1709,69.8291
3087,000878,云南铜业,0.7485,0.3204,18.8033,195.1887,30.1671,69.8329
3088,300216,千山药机,1.5071,1.2808,53.9825,144.2029,30.1118,69.8882
3089,000065,北方国际,1.3069,1.1962,72.0532,5692.768,30.0854,69.9146
3090,600981,汇鸿集团,1.1597,0.9303,29.2625,252.4168,30.0792,69.9208
3091,601099,太平洋,--,--,--,--,30.0513,69.9487
3092,600856,中天能源,0.7454,0.668,28.6676,484.9426,30.043000000000003,69.957
3093,603993,洛阳钼业,1.3328,1.038,75.5998,303.6812,30.0076,69.9924
3094,601886,江河集团,1.1811,1.0162,20.9231,372.0858,29.99,70.01
3095,000672,上峰水泥,0.6521,0.2956,17.4228,770.7446,29.9684,70.0316
3096,600820,隧道股份,1.0764,0.8548,33.988,509.4704,29.9365,70.0635
3097,000063,中兴通讯,1.2361,0.958,29.6288,1236.891,29.8458,70.1542
3098,600455,博通股份,0.1878,0.1723,12.2028,92.1466,29.7908,70.2092
3099,300116,坚瑞沃能,1.1136,0.8361,10.3828,435.1076,29.7394,70.2606
3100,600281,太化股份,0.9042,0.5862,11.0252,-216.2349,29.7166,70.2834
3101,600736,苏州高新,1.3694,0.7025,22.1582,492.8487,29.6844,70.3156
3102,600256,广汇能源,0.2266,0.1979,11.5525,140.6642,29.6458,70.3542
3103,600654,*ST中安,1.1566,1.092,29.6326,71.0909,29.5264,70.4736
3104,600078,澄星股份,0.8753,0.5981,44.8978,127.156,29.51,70.49
3105,002237,恒邦股份,1.0208,0.4953,19.6763,276.2602,29.4291,70.5709
3106,600368,五洲交通,2.732,0.9533,25.8177,333.2858,29.4235,70.5765
3107,600804,鹏博士,0.5926,0.5853,43.3485,1417.1318,29.3594,70.6406
3108,002097,山河智能,1.0961,0.7839,17.4764,294.3482,29.3179,70.6821
3109,300431,暴风集团,0.9653,0.7331,13.9211,-593.9889,29.2903,70.7097
3110,002456,欧菲科技,1.0994,0.7358,9.7517,695.4287,29.2679,70.7321
3111,600653,申华控股,0.9056,0.6617,17.9737,-53.7438,29.2514,70.7486
3112,002745,木林森,0.9317,0.804,32.139,527.5979,29.1922,70.8078
3113,000758,中色股份,1.1625,0.8458,19.4915,271.8571,29.1742,70.8258
3114,002260,德奥通航,0.7165,0.4107,14.9142,-117.3624,29.1643,70.8357
3115,600469,风神股份,0.6704,0.4666,11.6737,-142.5515,29.1559,70.8441
3116,000923,河北宣工,0.8399,0.4883,14.3845,-8.9428,29.1451,70.8549
3117,600748,上实发展,2.0509,0.9306,59.9216,371.2089,29.0846,70.9154
3118,600369,西南证券,--,--,--,--,29.0618,70.9382
3119,600533,栖霞建设,2.6396,0.5312,37.9606,211.2211,29.0513,70.9487
3120,600132,重庆啤酒,0.8609,0.5012,16.0777,1923.7441,29.0247,70.9753
3121,600802,福建水泥,0.2099,0.1397,6.8098,-48.7757,28.9453,71.0547
3122,300117,嘉寓股份,1.3316,0.5117,11.1554,157.8698,28.8978,71.1022
3123,002797,第一创业,--,--,--,--,28.8935,71.1065
3124,002172,澳洋科技,0.7794,0.6389,33.2382,533.1461,28.8698,71.1302
3125,600388,龙净环保,1.288,0.5875,16.6019,2726.6454,28.8552,71.1448
3126,600584,长电科技,0.8154,0.6364,32.7083,71.2528,28.8225,71.1775
3127,600651,飞乐音响,1.0354,0.4057,8.4276,1897.6332,28.8199,71.1801
3128,600165,新日恒力,1.0446,0.8041,22.1926,92.1864,28.7887,71.2113
3129,600765,中航重机,1.1316,0.8458,9.6649,239.134,28.7481,71.2519
3130,600822,上海物贸,1.0144,0.5729,36.6662,449.9643,28.7359,71.2641
3131,600295,鄂尔多斯,0.5608,0.44,18.5831,181.9252,28.6505,71.3495
3132,000078,海王生物,1.219,1.061,20.7398,578.527,28.5868,71.4132
3133,601992,金隅集团,1.2408,0.4486,21.0982,282.1543,28.5796,71.4204
3134,000979,中弘股份,2.7679,0.7624,34.6985,213.1449,28.4883,71.5117
3135,002135,东南网架,1.1235,0.6612,11.6903,247.5499,28.488000000000003,71.512
3136,600858,银座股份,0.3891,0.1867,14.4773,162.7598,28.4748,71.5252
3137,600755,厦门国贸,1.3525,0.7774,11.5721,461.2748,28.4619,71.5381
3138,600773,西藏城投,2.8224,0.9503,59.3484,200.9383,28.4459,71.5541
3139,000069,华侨城A,1.4935,0.5772,19.5655,488.5756,28.4052,71.5948
3140,000728,国元证券,--,--,--,--,28.3952,71.6048
3141,000090,天健集团,1.7126,0.4018,27.8789,653.1837,28.3307,71.6693
3142,600361,华联综超,1.0257,0.8069,65.4313,197.3089,28.2542,71.7458
3143,000791,甘肃电投,1.0664,1.0638,53.1858,97.2082,28.2279,71.7721
3144,002302,西部建设,1.2674,1.2363,16.9487,110.0736,28.2179,71.7821
3145,601198,东兴证券,--,--,--,--,28.1851,71.8149
3146,601106,*ST一重,1.0169,0.8538,22.3439,110.2157,28.1468,71.8532
3147,600029,南方航空,0.2442,0.216,7.5643,596.7742,28.1158,71.8842
3148,600828,茂业商业,0.3634,0.2508,10.6694,443.3896,28.0357,71.9643
3149,603603,博天环境,1.116,0.772,27.5794,722.6281,28.0043,71.9957
3150,600157,永泰能源,0.5677,0.5526,30.9687,127.3498,27.8966,72.1034
3151,600301,ST南化,0.7745,0.4414,27.851,-73.1412,27.8944,72.1056
3152,300388,国祯环保,0.957,0.8128,31.668,219.4765,27.8758,72.1242
3153,600803,新奥股份,0.5382,0.4395,23.2685,203.0074,27.8754,72.1246
3154,000695,滨海能源,0.5782,0.5241,21.0804,-63.3215,27.8432,72.1568
3155,600846,同济科技,1.4191,0.4659,30.29,1183.2431,27.8163,72.1837
3156,300207,欣旺达,1.1674,0.9178,32.4559,544.5456,27.8109,72.1891
3157,600297,广汇汽车,1.0946,0.786,43.6257,364.1954,27.8095,72.1905
3158,000875,吉电股份,0.4198,0.4111,7.0533,122.6096,27.8027,72.1973
3159,601600,中国铝业,0.6409,0.4305,21.1119,176.2398,27.7269,72.2731
3160,001979,招商蛇口,1.592,0.6731,29.7722,3002.9124,27.72,72.28
3161,600684,珠江实业,4.5074,2.0104,137.5217,3838.1883,27.7193,72.2807
3162,000835,长城动漫,0.4605,0.4299,8.5676,533.1466,27.6973,72.3027
3163,600021,上海电力,0.4294,0.4105,18.8953,188.358,27.6784,72.3216
3164,600875,东方电气,1.259,0.88,48.0439,-98.1594,27.6613,72.3387
3165,300322,硕贝德,0.8827,0.6309,13.9618,44.2627,27.6494,72.3506
3166,000957,中通客车,1.3586,1.253,25.1982,364.5578,27.6436,72.3564
3167,600886,国投电力,0.3799,0.342,14.6679,234.6107,27.6245,72.3755
3168,601375,中原证券,--,--,--,--,27.6011,72.3989
3169,600561,江西长运,0.6566,0.6046,29.6415,228.68,27.5971,72.4029
3170,601881,中国银河,--,--,--,--,27.4685,72.5315
3171,600185,格力地产,2.8037,0.4736,45.1906,-4371.6973,27.4452,72.5548
3172,300393,中来股份,1.6121,1.2712,29.461,558.5886,27.3545,72.6455
3173,600685,中船防务,1.2283,0.6567,39.3663,131.7779,27.348000000000003,72.652
3174,002200,云投生态,0.9616,0.3322,11.3357,26.3628,27.2466,72.7534
3175,000023,深天地A,1.316,0.9197,24.9618,370.6012,27.24,72.76
3176,002736,国信证券,--,--,--,--,27.203000000000003,72.797
3177,600139,西部资源,1.2878,1.2363,90.1169,-376.4741,27.0153,72.9847
3178,603518,维格娜丝,1.6305,1.116,35.3031,186.6227,26.9658,73.0342
3179,300293,蓝英装备,1.0421,0.4673,20.0254,289.0974,26.9525,73.0475
3180,000692,惠天热电,0.7462,0.589,21.5836,128.0102,26.9352,73.0648
3181,600057,象屿股份,1.087,0.6428,11.6412,230.3097,26.8397,73.1603
3182,600704,物产中大,0.9438,0.6473,22.4743,322.643,26.8213,73.1787
3183,000697,炼石有色,0.3957,0.3481,15.4517,-166.2117,26.7722,73.2278
3184,000401,冀东水泥,0.4977,0.4194,15.2203,90.6693,26.7703,73.2297
3185,000626,远大控股,1.3278,1.0783,63.1732,-1084.7076,26.7511,73.2489
3186,000959,首钢股份,0.3525,0.2483,2.5807,243.5603,26.7261,73.2739
3187,000402,金融街,2.4996,0.8501,40.3943,401.2535,26.684,73.316
3188,600086,东方金钰,2.6667,0.4769,12.1001,185.853,26.6315,73.3685
3189,002926,华西证券,--,--,--,--,26.5819,73.4181
3190,600795,国电电力,0.2401,0.2121,8.1713,189.0593,26.5772,73.4228
3191,600320,振华重工,0.8389,0.6499,11.6244,132.7673,26.5645,73.4355
3192,000587,金洲慈航,0.8424,0.7101,29.8789,749.1944,26.5482,73.4518
3193,000338,潍柴动力,1.2461,0.9877,42.5322,1288.7987,26.4957,73.5043
3194,600051,宁波联合,1.1395,0.257,12.3764,366.5553,26.4606,73.5394
3195,600375,华菱星马,0.7711,0.5464,18.8025,195.9359,26.4406,73.5594
3196,000852,石化机械,1.0779,0.5692,6.5121,-154.1459,26.4254,73.5746
3197,000926,福星股份,2.396,1.2186,46.1361,1043.8859,26.2984,73.7016
3198,600339,中油工程,1.2573,0.7417,28.1167,840.4285,26.2821,73.7179
3199,600836,界龙实业,1.0511,0.2894,13.7361,19.6577,26.2195,73.7805
3200,000921,海信科龙,0.9667,0.7828,25.305,17734.2466,26.2117,73.7883
3201,600027,华电国际,0.3012,0.2588,9.436,101.3567,26.1952,73.8048
3202,000838,财信发展,2.1116,0.2857,14.9239,-2418.2401,26.1898,73.8102
3203,000651,格力电器,1.0545,0.9659,70.016,-5731.1302,26.1776,73.8224
3204,002055,得润电子,1.1448,0.8808,17.6304,342.6416,26.0684,73.9316
3205,000679,大连友谊,1.3136,0.2531,20.2462,122.1349,26.055,73.945
3206,000909,数源科技,1.6267,0.5877,21.6514,562.9122,26.0149,73.9851
3207,601619,嘉泽新能,1.1223,1.1222,51.1442,175.8672,25.9469,74.0531
3208,600307,酒钢宏兴,0.3354,0.2006,10.8525,175.4328,25.8988,74.1012
3209,002500,山西证券,--,--,--,--,25.8326,74.1674
3210,600020,中原高速,0.3189,0.2509,18.0519,244.7355,25.7672,74.2328
3211,601991,大唐发电,0.3899,0.3404,8.9424,162.8182,25.7177,74.2823
3212,600663,陆家嘴,1.02,0.4727,10.0359,436.6691,25.5437,74.4563
3213,600821,津劝业,0.1562,0.1456,6.585,-260.4917,25.5034,74.4966
3214,600452,涪陵电力,0.3585,0.3582,23.0971,901.6993,25.4386,74.5614
3215,600180,瑞茂通,1.8187,1.7276,34.3049,270.8986,25.4164,74.5836
3216,601788,光大证券,--,--,--,--,25.2857,74.7143
3217,000761,本钢板材,0.76,0.4852,34.1941,269.6068,25.2239,74.7761
3218,000488,晨鸣纸业,0.798,0.6848,31.4962,296.9848,25.2201,74.7799
3219,000686,东北证券,--,--,--,--,25.0826,74.9174
3220,000709,河钢股份,0.4841,0.2362,12.5696,190.5324,25.0693,74.9307
3221,002863,今飞凯达,0.8395,0.5093,21.6718,182.3155,25.0221,74.9779
3222,000597,东北制药,1.0226,0.7952,37.3359,170.1197,24.9059,75.0941
3223,600970,中材国际,1.2303,1.0315,64.8975,519.9398,24.8423,75.1577
3224,002721,金一文化,1.3472,0.9229,13.2235,151.6749,24.7822,75.2178
3225,601901,方正证券,--,--,--,--,24.78,75.22
3226,000615,京汉股份,1.4563,0.4609,24.6748,40.0129,24.7211,75.2789
3227,601985,中国核电,0.7963,0.4542,22.6401,344.9719,24.6994,75.3006
3228,600697,欧亚集团,0.4779,0.1988,11.743,318.1931,24.6281,75.3719
3229,600115,东方航空,0.3048,0.2744,11.2937,841.8485,24.5595,75.4405
3230,000701,厦门信达,1.1592,0.79,15.2403,243.1862,24.5373,75.4627
3231,600509,天富能源,0.9293,0.786,42.8653,192.1277,24.5131,75.4869
3232,600680,*ST上普,0.7784,0.6527,36.3707,-288.6734,24.3428,75.6572
3233,002069,獐子岛,1.1555,0.4364,21.4771,141.1523,24.3331,75.6669
3234,600743,华远地产,2.1719,0.6757,46.9082,8427.655,24.3239,75.6761
3235,000783,长江证券,--,--,--,--,24.2772,75.7228
3236,600030,中信证券,--,--,--,--,24.2682,75.7318
3237,600208,新湖中宝,2.0495,0.7102,47.6724,201.7575,24.2341,75.7659
3238,002066,瑞泰科技,1.0171,0.7156,15.607,166.891,24.1671,75.8329
3239,002070,*ST众和,0.6296,0.3577,2.0366,-25.0629,24.0138,75.9862
3240,002630,华西能源,1.469,0.7135,15.7683,181.9629,24.0097,75.9903
3241,600540,*ST新赛,0.776,0.6485,27.255,171.5918,23.785999999999998,76.214
3242,000043,中航地产,1.3415,0.4891,23.9168,47.0408,23.71,76.29
3243,000987,越秀金控,1.3213,1.3186,52.6968,-6352.5904,23.6994,76.3006
3244,600266,北京城建,2.1329,0.533,28.3509,519.6524,23.6788,76.3212
3245,601127,小康股份,0.9092,0.8188,40.3185,5394.6676,23.6206,76.3794
3246,600740,山西焦化,0.8097,0.7632,59.1415,120.1045,23.5595,76.4405
3247,600359,新农开发,1.2253,1.0396,20.8076,232.316,23.4351,76.5649
3248,000776,广发证券,--,--,--,--,23.4079,76.5921
3249,002039,黔源电力,0.5891,0.5884,14.6999,129.6955,23.3131,76.6869
3250,601878,浙商证券,--,--,--,--,23.2902,76.7098
3251,600268,国电南自,0.9619,0.8058,7.2747,31.7924,23.2797,76.7203
3252,600011,华能国际,0.2981,0.2486,7.2905,138.3454,23.2301,76.7699
3253,601688,华泰证券,--,--,--,--,23.209,76.791
3254,600837,海通证券,--,--,--,--,23.2048,76.7952
3255,600310,桂东电力,0.9364,0.697,26.0048,124.0849,23.1868,76.8132
3256,000498,山东路桥,1.3303,0.7078,20.3653,888.9005,23.1657,76.8343
3257,600061,国投资本,1.3049,1.304,50.5021,2103.966,23.0819,76.9181
3258,601377,兴业证券,--,--,--,--,23.0579,76.9421
3259,600724,宁波富达,1.5872,0.273,20.2272,260.4939,22.9078,77.0922
3260,600870,厦华电子,0.9914,0.9914,56.8628,-233.9218,22.8447,77.1553
3261,601800,中国交建,1.024,0.6796,32.5477,377.2613,22.7426,77.2574
3262,601618,中国中冶,1.2278,0.7328,16.687,348.9177,22.6682,77.3318
3263,000911,南宁糖业,0.9314,0.6257,21.8279,21.8532,22.6308,77.3692
3264,600595,中孚实业,0.4977,0.3539,19.2265,106.4376,22.5929,77.4071
3265,601555,东吴证券,--,--,--,--,22.5066,77.4934
3266,002309,中利集团,1.3496,0.955,18.4001,114.5131,22.429000000000002,77.571
3267,600025,华能水电,0.1092,0.1083,1.9037,207.3527,22.2853,77.7147
3268,000540,中天金融,2.5372,0.982,36.5801,259.5497,22.2728,77.7272
3269,601777,力帆股份,0.8357,0.69,42.1601,138.4514,22.0858,77.9142
3270,002062,宏润建设,1.2679,0.4587,32.9598,352.2693,22.0316,77.9684
3271,601003,柳钢股份,0.7431,0.4249,20.3198,483.0643,22.0142,77.9858
3272,600234,ST山水,0.0311,0.0308,0.9614,-92.3777,21.7866,78.2134
3273,002751,易尚展示,0.575,0.4723,17.6929,109.9223,21.6976,78.3024
3274,002305,南国置业,2.3604,0.5297,37.2408,144.3716,21.6562,78.3438
3275,000750,国海证券,--,--,--,--,21.622,78.378
3276,000897,津滨发展,1.5526,0.301,23.774,-39.2026,21.6208,78.3792
3277,000951,中国重汽,1.1847,0.8702,6.4818,810.6922,21.6101,78.3899
3278,600713,南京医药,1.159,0.9491,10.2443,263.9183,21.4723,78.5277
3279,600198,大唐电信,1.023,0.7927,22.2523,-156.35,21.3899,78.6101
3280,000856,冀东装备,1.0056,0.8518,10.0091,326.7246,21.3847,78.6153
3281,000018,神州长城,1.2665,1.2229,24.9816,340.1074,21.2575,78.7425
3282,600396,金山股份,0.2033,0.1774,6.3748,53.9971,21.201,78.79899999999999
3283,600048,保利地产,1.7583,0.5417,21.0555,1446.374,21.1717,78.8283
3284,600153,建发股份,1.6447,0.7283,24.3007,556.1044,21.0105,78.9895
3285,601558,*ST锐电,1.3128,0.9907,8.6402,-10316.8526,20.9942,79.0058
3286,601390,中国中铁,1.1754,0.6876,19.8388,828.2422,20.9478,79.0522
3287,000906,浙商中拓,1.101,0.8616,25.3276,208.9212,20.9196,79.0804
3288,000411,英特集团,1.1616,0.8636,19.1588,308.8829,20.9118,79.0882
3289,000767,漳泽电力,0.6259,0.5849,26.3932,-15.0252,20.7903,79.2097
3290,601668,中国建筑,1.3093,0.6729,34.0606,827.8628,20.7542,79.2458
3291,002506,协鑫集成,1.2687,1.1555,30.0147,121.8078,20.6919,79.3081
3292,600807,天业股份,1.4187,1.0183,29.5307,142.5312,20.6698,79.3302
3293,000720,新能泰山,0.4227,0.3375,6.8008,-44.2212,20.486,79.514
3294,000710,贝瑞基因,0.9165,0.63,18.9398,-290.1592,20.4858,79.5142
3295,002307,北新路桥,1.2408,0.7976,34.7155,134.422,20.4725,79.5275
3296,000693,*ST华泽,1.3198,1.2677,0.0556,-17.32,20.4647,79.5353
3297,000927,一汽夏利,0.7187,0.5183,37.0453,-4742.7341,20.442999999999998,79.557
3298,600545,卓郎智能,1.2429,0.7273,13.9407,141.2076,20.4027,79.5973
3299,600686,金龙汽车,1.321,1.1925,33.2468,160.4846,20.3861,79.6139
3300,601258,庞大集团,1.0663,0.8426,45.8003,161.607,20.3745,79.6255
3301,600058,五矿发展,1.0796,0.7604,15.9644,87.419,20.3429,79.6571
3302,600228,*ST昌九,0.4393,0.3167,1.8278,-279.6055,20.2355,79.7645
3303,600565,迪马股份,1.7309,0.5742,18.6421,1447.271,20.21,79.79
3304,601789,宁波建工,1.126,0.7382,15.9387,246.2582,20.1079,79.8921
3305,600671,天目药业,0.6439,0.3371,7.556,-95.2227,20.0189,79.9811
3306,600707,彩虹股份,0.1498,0.1318,5.3486,-72.3331,20.0102,79.9898
3307,000628,高新发展,1.1304,0.9719,41.5958,-12.4136,19.9655,80.0345
3308,002210,飞马国际,1.2632,1.2229,48.8079,369.1442,19.7383,80.2617
3309,000409,山东地矿,0.6025,0.3626,9.6125,-9.1731,19.6096,80.3904
3310,000829,天音控股,0.9586,0.6287,40.1392,115.2325,19.5934,80.4066
3311,000504,南华生物,0.7964,0.7409,47.7986,-249.7223,19.5504,80.4496
3312,600094,大名城,1.919,0.3915,22.7802,233.3124,19.548,80.452
3313,600708,光明地产,1.684,0.46,23.469,359.9158,19.4859,80.5141
3314,600958,东方证券,--,--,--,--,19.4714,80.5286
3315,601669,中国电建,1.1392,0.693,33.5908,284.2657,19.3818,80.6182
3316,600387,海越股份,0.3701,0.1462,5.6471,84.4411,19.2446,80.7554
3317,000166,申万宏源,--,--,--,--,19.205,80.795
3318,600581,八一钢铁,0.6742,0.5305,7.0339,309.2855,19.1266,80.8734
3319,000632,三木集团,1.0097,0.6138,30.448,134.3272,19.0818,80.9182
3320,600325,华发股份,2.255,0.532,28.3895,-2791.0909,19.0753,80.9247
3321,000797,中国武夷,1.8682,0.6644,45.2578,300.6819,19.0571,80.9429
3322,002016,世荣兆业,1.4143,0.5124,41.3067,13.4407,19.057000000000002,80.943
3323,601186,中国铁建,1.2505,0.6747,23.4856,759.4751,19.0486,80.9514
3324,600898,国美通讯,1.2425,0.9047,20.4204,-37.9386,18.926,81.074
3325,600744,华银电力,0.6722,0.4442,5.0772,-85.4391,18.9148,81.0852
3326,600376,首开股份,1.8127,0.5988,22.6679,235.8746,18.8672,81.1328
3327,002504,*ST弘高,1.1801,1.1095,2.2178,3551.7569,18.8431,81.1569
3328,600401,*ST海润,0.729,0.6583,12.4501,-132.8307,18.8318,81.1682
3329,300022,吉峰农机,1.0654,0.6331,17.2192,106.6902,18.8296,81.1704
3330,002183,怡亚通,1.0946,0.8029,23.25,180.475,18.7946,81.2054
3331,600466,蓝光发展,1.739,0.4523,28.3862,506.3816,18.4874,81.5126
3332,600491,龙元建设,1.1762,0.5659,12.7489,604.3416,18.4509,81.5491
3333,600617,国新能源,0.6545,0.6358,35.0422,161.5081,18.3821,81.6179
3334,600397,安源煤业,0.7752,0.7193,29.6445,91.1369,18.379,81.62100000000001
3335,000950,*ST建峰,0.4681,0.3344,13.5184,25.8026,18.2639,81.7361
3336,600546,山煤国际,0.6901,0.6251,13.5768,233.582,18.2256,81.7744
3337,600675,中华企业,1.634,0.5602,47.7861,317.5,18.1659,81.8341
3338,603970,中农立华,1.1082,0.5112,8.9447,1868.0655,17.7809,82.2191
3339,000712,锦龙股份,1.2454,1.2454,24.5677,253.816,17.6895,82.3105
3340,000633,合金投资,13.789,13.3791,1276.6611,-1833.6468,17.5688,82.4312
3341,002163,中航三鑫,0.6047,0.3832,11.2569,11.3299,17.4193,82.5807
3342,000422,湖北宜化,0.5381,0.3615,21.6508,137.3924,17.4157,82.5843
3343,600705,中航资本,0.8658,0.8655,75.2893,2947.441,17.3608,82.6392
3344,000002,万科A,1.2013,0.4673,15.9088,2024.9979,17.3425,82.6575
3345,300023,宝德股份,0.3928,0.3649,32.322,11479.6145,17.2257,82.7743
3346,601588,北辰实业,1.8318,0.4859,32.5919,465.9491,17.1659,82.8341
3347,000659,*ST中富,0.9681,0.7657,22.1329,140.2936,17.1452,82.8548
3348,600340,华夏幸福,1.4918,0.572,32.9831,2201.3396,17.1367,82.8633
3349,600726,华电能源,0.2251,0.1983,6.1423,154.5865,17.1232,82.8768
3350,600569,安阳钢铁,0.6051,0.3339,23.4592,103.7492,17.1144,82.8856
3351,000042,中洲控股,1.8316,0.5894,42.8712,246.2646,17.0586,82.9414
3352,000031,中粮地产,1.5688,0.6679,23.1067,545.7167,17.0519,82.9481
3353,600039,四川路桥,1.0864,0.5319,22.7087,174.7038,17.0137,82.9863
3354,601918,新集能源,0.1569,0.1336,5.64,185.0224,16.8963,83.1037
3355,002060,粤水电,0.9372,0.6527,17.2573,138.2232,16.749000000000002,83.251
3356,600778,友好集团,0.5802,0.4433,28.487,-155.5601,16.5798,83.4202
3357,000620,新华联,1.6157,0.4363,31.4055,201.5834,16.5473,83.4527
3358,600399,抚顺特钢,0.7193,0.4516,20.7635,138.2673,16.3919,83.6081
3359,300226,上海钢联,1.1426,0.6677,7.0729,427.6086,16.3455,83.6545
3360,000617,中油资本,0.7806,0.7806,74.394,99119.3811,16.2904,83.7096
3361,000016,深康佳A,0.9665,0.5925,14.6085,127.5584,16.2041,83.7959
3362,600170,上海建工,1.3027,0.6594,40.4471,391.5718,16.179000000000002,83.821
3363,000656,金科股份,1.9754,0.5483,27.3475,551.4413,16.0613,83.9387
3364,603825,华扬联众,1.0746,1.0288,11.4708,263.8646,16.0415,83.9585
3365,000537,广宇发展,1.6358,0.1781,13.9439,1036.0229,15.86,84.14
3366,000868,安凯客车,1.051,1.0001,23.7364,-28.7312,15.8051,84.1949
3367,002387,黑牛食品,0.4746,0.4746,45.2684,-311.2669,15.739,84.26100000000001
3368,000933,神火股份,0.487,0.3489,23.7656,194.4638,15.6894,84.3106
3369,000034,神州数码,1.1666,0.8201,15.0302,304.3134,15.6092,84.3908
3370,002208,合肥城建,1.5726,0.7017,23.2926,135.7902,15.5902,84.4098
3371,600710,ST常林,1.0541,0.8891,22.6596,330.2743,15.5395,84.4605
3372,002564,天沃科技,1.0665,0.604,9.1324,193.5529,15.274000000000001,84.726
3373,000627,天茂集团,6.4497,6.2972,327.6558,--,15.2629,84.7371
3374,000638,万方发展,1.0296,0.2826,16.5727,431.6696,15.0971,84.9029
3375,600751,天海投资,1.3791,0.8857,12.6943,65.1669,15.0548,84.9452
3376,600665,天地源,2.2178,0.5418,30.7277,6698.01,15.0515,84.9485
3377,000567,海德股份,1.0043,1.0043,15.5091,270.9178,14.9806,85.0194
3378,600322,天房发展,2.2224,0.3559,27.3555,331.9928,14.9272,85.0728
3379,600408,安泰集团,0.6842,0.5774,9.9202,49.4202,14.9065,85.0935
3380,600250,南纺股份,0.5831,0.5633,43.8755,49.2921,14.8542,85.1458
3381,600806,*ST昆机,0.8771,0.3437,6.5384,-538.9812,14.7645,85.2355
3382,002146,荣盛发展,1.5127,0.4685,14.9587,-26844.3178,14.7372,85.2628
3383,000932,*ST华菱,0.4557,0.3112,11.7257,236.2078,14.547,85.45299999999999
3384,600225,*ST松江,1.7362,0.5786,26.3819,289.6549,14.2736,85.7264
3385,000046,泛海控股,1.9125,0.7308,34.8514,210.7897,14.252,85.74799999999999
3386,002072,凯瑞德,0.7716,0.7716,1.7014,160.5538,14.1239,85.8761
3387,000732,泰禾集团,2.3114,0.5221,27.0637,777.2114,14.1148,85.8852
3388,600657,信达地产,2.3645,0.6459,35.5848,237.6695,13.9735,86.0265
3389,600133,东湖高新,1.259,0.4624,20.5039,471.5284,13.9713,86.0287
3390,600696,ST匹凸,3.0561,2.7003,230.9689,-12861.3783,13.8282,86.1718
3391,601611,中国核建,1.1025,0.6034,13.4026,265.0265,13.8088,86.1912
3392,600169,太原重工,0.9974,0.6359,12.2493,106.0352,13.6973,86.3027
3393,600129,太极集团,0.7266,0.4258,16.5441,179.1662,13.6226,86.3774
3394,000982,*ST中绒,0.6177,0.2947,3.992,-15.5906,13.6142,86.3858
3395,000671,阳光城,1.835,0.5781,34.6031,741.2261,13.4495,86.5505
3396,000652,泰达股份,1.3318,0.5482,28.3691,111.9471,13.0551,86.9449
3397,600306,商业城,0.0995,0.0527,3.2468,621.0168,12.9687,87.0313
3398,600117,西宁特钢,0.4396,0.2867,18.4674,103.0473,12.571,87.429
3399,000415,渤海金控,0.8006,0.8006,73.6769,144.8262,12.4059,87.5941
3400,600691,阳煤化工,0.4693,0.406,24.5505,120.1168,12.2236,87.7764
3401,601155,新城控股,1.1033,0.484,20.6042,709.0192,12.0827,87.9173
3402,000961,中南建设,1.5348,0.4889,13.4163,922.9753,12.0498,87.9502
3403,601601,中国太保,--,--,--,680.9927,12.0107,87.9893
3404,600683,京投发展,1.555,0.3523,13.1799,549.537,11.9674,88.0326
3405,600280,中央商场,1.0384,0.1865,12.2201,469.2044,11.9518,88.0482
3406,601866,中远海发,0.558,0.534,46.1605,193.7287,11.8043,88.1957
3407,002889,东方嘉盛,1.0911,1.0813,56.0973,-12344.2593,11.6936,88.3064
3408,600502,安徽水利,1.1705,0.7285,21.3511,278.8217,11.6071,88.3929
3409,600291,西水股份,--,--,--,4400.8686,11.2534,88.7466
3410,600606,绿地控股,1.3587,0.4194,12.8921,958.1709,10.9494,89.0506
3411,601628,中国人寿,--,--,--,--,10.877,89.12299999999999
3412,600432,*ST吉恩,0.3078,0.1429,6.1178,-32.0944,10.8323,89.1677
3413,600239,云南城投,1.7892,0.3406,19.0293,46.1643,10.385,89.615
3414,000890,法尔胜,1.0297,0.9695,14.8671,181.798,9.9087,90.0913
3415,600815,*ST厦工,0.8987,0.6542,7.5821,340.6435,9.7649,90.2351
3416,000736,中交地产,1.6214,0.3759,22.0853,-324.756,9.7526,90.2474
3417,603323,吴江银行,--,--,--,--,9.7167,90.2833
3418,002769,普路通,1.096,1.0749,86.0976,555.3688,9.5123,90.4877
3419,600871,石化油服,0.6117,0.4127,4.8557,-741.181,9.2269,90.7731
3420,600800,天津磁卡,0.5029,0.4432,14.718,58225.8876,8.9558,91.0442
3421,601318,中国平安,--,--,--,1361.0235,8.9099,91.0901
3422,601336,新华保险,--,--,--,--,8.7519,91.2481
3423,000707,双环科技,0.7218,0.2943,17.0028,136.0362,8.5358,91.4642
3424,002807,江阴银行,--,--,--,--,8.5262,91.4738
3425,600939,重庆建工,0.982,0.5335,7.9643,157.5308,8.3799,91.6201
3426,002839,张家港行,--,--,--,--,8.2615,91.7385
3427,600853,龙建股份,1.1701,0.7031,26.318,150.6449,8.1374,91.8626
3428,000918,嘉凯城,1.0757,0.1747,4.2603,-37.036,7.9822,92.0178
3429,601398,工商银行,--,--,--,--,7.9589,92.0411
3430,601988,中国银行,--,--,--,--,7.8651,92.1349
3431,000717,韶钢松山,0.3005,0.1578,5.1265,521.353,7.7916,92.2084
3432,601939,建设银行,--,--,--,--,7.5816,92.4184
3433,601128,常熟银行,--,--,--,--,7.4627,92.5373
3434,600096,云天化,0.6175,0.4484,12.217,68.947,7.4084,92.5916
3435,600768,宁波富邦,0.7139,0.5449,42.4748,-37.4555,7.3409,92.6591
3436,601328,交通银行,--,--,--,--,7.2603,92.7397
3437,600908,无锡银行,--,--,--,--,7.1324,92.8676
3438,601229,上海银行,--,--,--,--,7.0842,92.9158
3439,600550,保变电气,0.7906,0.6074,27.1225,147.9535,7.0145,92.9855
3440,601998,中信银行,--,--,--,--,6.9489,93.0511
3441,000803,*ST金宇,0.4375,0.1673,1.0944,-84.7778,6.9223,93.0777
3442,000001,平安银行,--,--,--,--,6.8384,93.1616
3443,600036,招商银行,--,--,--,--,6.803999999999999,93.196
3444,601169,北京银行,--,--,--,--,6.6865,93.3135
3445,600000,浦发银行,--,--,--,--,6.6297,93.3703
3446,601288,农业银行,--,--,--,--,6.6028,93.3972
3447,601818,光大银行,--,--,--,--,6.599,93.40100000000001
3448,600015,华夏银行,--,--,--,--,6.5871,93.4129
3449,600016,民生银行,--,--,--,--,6.494,93.506
3450,000505,珠江控股,0.7144,0.5637,16.0069,476.0071,6.4227,93.5773
3451,601166,兴业银行,--,--,--,--,6.2423,93.7577
3452,601838,成都银行,--,--,--,--,6.025,93.975
3453,600223,鲁商置业,1.28,0.269,7.0607,804.8811,5.9912,94.0088
3454,601009,南京银行,--,--,--,--,5.712000000000001,94.288
3455,002142,宁波银行,--,--,--,--,5.6878,94.3122
3456,601997,贵阳银行,--,--,--,--,5.5851,94.4149
3457,000755,*ST三维,0.3119,0.2338,18.9572,-207.9364,5.4806,94.5194
3458,600926,杭州银行,--,--,--,--,5.3266,94.6734
3459,600793,宜宾纸业,0.2749,0.1369,4.4324,331.4089,5.1346,94.8654
3460,600213,亚星客车,1.0273,0.9674,12.3341,145.5033,5.1235,94.8765
3461,600919,江苏银行,--,--,--,--,5.0571,94.9429
3462,002180,纳思达,1.1421,1.0048,9.1235,-270.613,4.813,95.18700000000001
3463,600265,ST景谷,0.69,0.0639,2.9213,-80.4305,3.9682,96.0318
3464,000526,*ST紫学,0.4244,0.4244,20.1848,494.4478,3.9419,96.0581
3465,000509,华塑控股,0.8746,0.583,23.6701,-1953.4773,3.3294,96.6706
3466,600961,株冶集团,0.6592,0.244,11.5037,112.2083,2.5467,97.4533
3467,600609,金杯汽车,1.1057,1.0302,57.2807,-22.4795,2.1115,97.8885
3468,000410,*ST沈机,0.9509,0.5666,20.2324,-1.2754,1.2204,98.7796
3469,000912,*ST天化,0.2565,0.171,5.2615,69.8592,1.0981,98.9019
3470,600319,亚星化学,0.4795,0.36,17.9188,132.6478,0.8906,99.1094
3471,600678,四川金顶,0.0971,0.0875,1.6077,17.3308,-0.7701,100.7701
3472,000737,*ST南风,0.6561,0.4253,11.8559,-377.1478,-0.7818,100.7818
3473,600186,莲花健康,0.3144,0.2576,1.0751,-270.9793,-2.1199,102.1199
3474,000995,皇台酒业,0.5611,0.066,1.0039,-823.9045,-2.6937,102.6937
3475,601005,*ST重钢,0.1132,0.0448,3.0924,-93.7355,-3.0069999999999997,103.007
3476,600423,*ST柳化,0.2256,0.1582,2.3152,-26.5497,-3.1412,103.1412
3477,000953,*ST河化,0.1898,0.1365,9.5807,313.7038,-9.3226,109.3226
3478,002306,*ST云网,0.8359,0.8316,11.0979,-78738.4301,-10.4649,110.4649
3479,600608,*ST沪科,1.6814,1.2945,18.9698,-461.7027,-10.924000000000001,110.92399999999999
3480,600877,*ST嘉陵,0.3857,0.3382,24.1564,290.7233,-11.2882,111.2882
3481,600247,ST成城,1.1819,1.1775,0.195,-1446.5087,-26.9332,126.9332
